4 3 1 1
5
1 8 54 12 4
700
1 1 49 29 0 
1 2 97 4 0 
3 3 89 175 1 (77,4)
7 4 41 41 2 (10,17) , (26,3)
7 5 21 126 1 (18,9)
7 6 60 102 0 
9 7 23 133 2 (3,28) , (4,9)
9 8 87 173 0 
10 9 58 124 0 
12 10 78 63 1 (28,9)
16 11 56 48 1 (55,5)
18 12 18 63 0 
18 13 80 113 1 (60,2)
22 14 79 203 0 
25 15 57 220 1 (39,2)
26 16 86 65 1 (29,2)
31 17 11 150 0 
32 18 98 116 2 (17,1) , (90,4)
36 19 10 96 0 
37 20 70 68 0 
40 21 53 144 1 (53,5)
42 22 64 147 2 (5,18) , (49,8)
45 23 50 209 0 
50 24 75 167 1 (75,9)
55 25 40 109 1 (1,4)
58 26 68 235 1 (28,9)
62 27 34 100 1 (29,10)
66 28 59 119 0 
69 29 55 161 1 (1,3)
69 30 73 80 1 (20,1)
72 31 42 155 2 (4,24) , (38,6)
76 32 73 143 0 
76 33 43 118 1 (38,9)
76 34 66 175 2 (11,25) , (58,9)
81 35 7 157 1 (6,5)
83 36 104 244 2 (16,11) , (52,2)
83 37 63 275 0 
83 38 71 187 0 
84 39 87 112 0 
87 40 36 125 2 (9,21) , (12,3)
90 41 104 138 2 (15,5) , (66,10)
92 42 78 110 0 
92 43 55 95 0 
95 44 66 125 2 (15,14) , (63,7)
97 45 48 161 2 (5,19) , (9,8)
102 46 59 177 2 (6,28) , (5,6)
107 47 84 134 2 (18,1) , (68,9)
112 48 24 202 2 (6,8) , (7,6)
115 49 97 207 2 (5,29) , (57,6)
120 50 54 274 2 (8,14) , (47,4)
124 51 98 286 2 (14,1) , (100,9)
124 52 73 281 2 (9,18) , (23,5)
129 53 31 129 1 (31,5)
130 54 56 173 2 (7,6) , (51,9)
132 55 71 269 2 (8,4) , (46,5)
133 56 81 331 1 (29,7)
138 57 54 154 1 (52,3)
142 58 44 182 1 (26,1)
146 59 72 274 0 
150 60 22 266 1 (22,9)
150 61 20 263 1 (20,2)
150 62 53 205 0 
152 63 26 246 0 
157 64 47 311 1 (16,7)
158 65 72 271 2 (14,27) , (34,7)
161 66 87 269 1 (30,8)
162 67 102 353 0 
166 68 67 317 2 (15,14) , (76,10)
169 69 20 241 1 (3,6)
173 70 19 281 1 (5,4)
178 71 12 188 2 (3,27) , (10,1)
183 72 54 227 0 
183 73 9 228 2 (3,16) , (7,8)
185 74 31 369 0 
185 75 94 207 2 (4,5) , (76,5)
187 76 104 290 0 
192 77 83 283 0 
195 78 68 275 0 
196 79 101 326 0 
196 80 34 365 0 
199 81 54 215 0 
200 82 94 387 1 (58,10)
201 83 55 371 1 (55,8)
203 84 60 281 0 
204 85 85 277 1 (44,1)
206 86 35 394 2 (3,29) , (24,1)
206 87 46 300 1 (17,4)
209 88 90 232 1 (35,4)
210 89 97 254 2 (20,19) , (86,1)
214 90 21 287 1 (2,7)
214 91 43 394 2 (7,26) , (40,1)
214 92 61 377 2 (11,21) , (18,1)
219 93 41 321 1 (7,4)
219 94 81 338 2 (7,28) , (86,5)
221 95 51 354 1 (34,5)
223 96 63 348 2 (8,18) , (15,7)
228 97 51 408 1 (44,9)
228 98 19 253 2 (4,8) , (21,1)
233 99 20 334 1 (4,1)
238 100 27 333 0 
242 101 91 418 2 (5,17) , (78,10)
246 102 61 317 1 (57,2)
250 103 55 258 1 (7,8)
252 104 55 387 2 (13,9) , (42,6)
256 105 40 276 2 (3,24) , (22,7)
256 106 79 384 0 
259 107 25 303 1 (7,8)
263 108 76 264 0 
265 109 78 284 0 
268 110 10 317 0 
270 111 101 291 0 
275 112 75 404 0 
278 113 79 313 0 
280 114 22 385 0 
281 115 30 345 0 
281 116 69 453 2 (13,21) , (68,3)
286 117 82 392 0 
288 118 63 453 0 
290 119 34 363 0 
293 120 30 489 1 (13,5)
294 121 43 406 2 (5,3) , (35,4)
299 122 85 456 2 (14,8) , (76,2)
304 123 47 472 0 
304 124 62 338 1 (15,10)
305 125 67 492 0 
307 126 14 472 0 
309 127 43 402 0 
314 128 45 331 0 
315 129 25 328 1 (22,3)
320 130 51 410 2 (7,28) , (27,4)
322 131 101 479 0 
325 132 95 440 0 
329 133 89 360 2 (19,16) , (62,10)
330 134 29 384 1 (15,2)
334 135 55 453 1 (4,9)
334 136 103 521 0 
336 137 31 501 2 (4,30) , (15,3)
341 138 76 495 2 (7,10) , (13,3)
344 139 81 514 1 (44,5)
345 140 26 370 2 (4,13) , (17,10)
350 141 41 394 0 
352 142 95 455 2 (17,22) , (68,5)
355 143 28 409 0 
357 144 99 498 2 (6,9) , (68,2)
357 145 36 428 2 (7,13) , (22,3)
361 146 58 468 2 (13,18) , (50,4)
366 147 41 448 2 (5,19) , (43,10)
369 148 55 431 1 (55,1)
371 149 11 542 0 
373 150 6 549 1 (1,8)
375 151 48 551 1 (3,5)
379 152 68 550 0 
382 153 58 580 2 (5,18) , (43,9)
382 154 98 511 0 
387 155 11 403 2 (4,7) , (13,6)
388 156 67 437 1 (46,9)
388 157 21 560 0 
390 158 24 584 0 
391 159 21 481 2 (4,10) , (18,6)
391 160 66 520 0 
392 161 35 572 0 
396 162 48 416 0 
398 163 9 459 0 
400 164 25 463 0 
404 165 68 518 0 
409 166 5 575 0 
411 167 52 554 0 
411 168 8 578 0 
414 169 75 522 0 
418 170 15 429 1 (15,1)
421 171 10 524 2 (3,26) , (9,3)
424 172 59 483 2 (12,18) , (61,7)
427 173 85 463 1 (37,9)
430 174 45 590 2 (10,20) , (29,3)
430 175 69 434 1 (63,5)
435 176 77 524 1 (41,4)
439 177 62 505 2 (10,19) , (49,8)
442 178 23 518 0 
447 179 26 503 0 
452 180 54 479 2 (4,27) , (19,5)
455 181 46 507 1 (21,1)
455 182 60 572 1 (4,1)
460 183 74 648 1 (12,4)
460 184 18 555 0 
461 185 36 502 0 
462 186 81 493 2 (14,2) , (33,10)
462 187 90 492 0 
467 188 71 540 1 (24,1)
467 189 27 649 1 (7,8)
468 190 94 586 1 (31,10)
468 191 87 628 1 (68,2)
472 192 95 651 0 
472 193 12 520 1 (6,3)
475 194 59 634 0 
476 195 80 621 2 (17,1) , (77,7)
477 196 35 664 1 (12,9)
481 197 48 605 0 
481 198 65 597 2 (9,16) , (29,7)
485 199 59 625 0 
490 200 72 638 1 (56,3)
495 201 14 654 2 (4,8) , (4,4)
497 202 71 547 2 (3,26) , (24,10)
499 203 32 668 0 
503 204 7 678 0 
508 205 13 556 1 (10,10)
513 206 28 709 2 (6,17) , (25,4)
518 207 25 701 0 
519 208 23 678 0 
523 209 52 532 0 
524 210 18 683 1 (7,6)
527 211 33 582 1 (33,4)
532 212 21 682 1 (9,1)
534 213 52 587 1 (21,1)
537 214 73 690 0 
538 215 73 606 2 (5,1) , (29,7)
543 216 45 595 1 (33,8)
545 217 46 567 1 (28,4)
548 218 95 615 2 (7,20) , (85,5)
552 219 19 690 1 (10,5)
557 220 77 701 0 
557 221 94 598 1 (59,3)
557 222 91 603 0 
562 223 91 611 2 (11,13) , (52,2)
562 224 96 568 0 
567 225 64 634 0 
570 226 26 576 2 (3,18) , (14,9)
572 227 7 687 0 
572 228 36 622 1 (19,2)
577 229 20 753 1 (19,5)
582 230 91 761 2 (19,28) , (93,2)
586 231 58 726 2 (10,26) , (26,3)
587 232 47 753 1 (20,9)
589 233 79 663 2 (12,3) , (89,7)
591 234 42 760 1 (15,9)
592 235 80 637 1 (59,5)
597 236 73 765 1 (34,4)
598 237 17 642 1 (5,10)
598 238 72 781 2 (10,7) , (31,7)
602 239 71 738 2 (4,12) , (32,2)
607 240 33 747 2 (7,19) , (17,4)
607 241 23 745 2 (4,23) , (3,3)
610 242 51 650 0 
614 243 98 737 2 (10,24) , (35,9)
619 244 16 729 0 
619 245 65 679 0 
622 246 54 776 2 (7,29) , (47,2)
625 247 48 659 2 (7,29) , (8,9)
627 248 87 717 2 (3,24) , (45,7)
630 249 84 692 2 (17,27) , (79,7)
634 250 103 660 0 
637 251 29 714 0 
637 252 24 752 0 
637 253 76 708 2 (8,2) , (40,4)
639 254 69 712 1 (18,1)
639 255 80 837 2 (11,7) , (88,9)
641 256 13 695 2 (4,21) , (12,4)
646 257 78 808 0 
648 258 86 698 0 
653 259 69 742 0 
657 260 75 657 1 (24,7)
659 261 22 750 2 (4,25) , (13,4)
664 262 22 825 1 (3,8)
669 263 83 702 2 (3,16) , (9,2)
669 264 29 751 2 (3,23) , (29,6)
669 265 89 834 0 
672 266 61 780 2 (5,24) , (18,10)
675 267 98 720 0 
677 268 89 873 0 
679 269 71 698 0 
682 270 104 827 1 (90,5)
682 271 26 690 0 
683 272 70 864 1 (20,2)
683 273 25 722 1 (10,4)
686 274 30 738 1 (1,9)
688 275 97 767 1 (39,2)
689 276 25 776 1 (18,8)
692 277 38 744 1 (10,1)
696 278 38 800 0 
697 279 21 806 2 (3,8) , (7,3)
697 280 45 707 2 (3,10) , (31,5)
701 281 78 830 2 (16,7) , (19,2)
702 282 28 862 2 (4,4) , (11,6)
702 283 17 795 2 (5,26) , (9,9)
704 284 96 853 2 (11,2) , (76,10)
706 285 42 722 0 
707 286 17 738 0 
707 287 64 805 2 (10,12) , (72,3)
707 288 59 863 1 (54,3)
710 289 91 746 0 
710 290 10 885 1 (1,3)
710 291 49 881 0 
712 292 89 888 2 (12,14) , (36,9)
715 293 9 829 2 (3,30) , (4,2)
720 294 24 731 1 (11,2)
721 295 93 904 1 (7,2)
723 296 6 853 1 (5,1)
727 297 84 910 2 (6,3) , (80,10)
729 298 83 762 1 (83,3)
732 299 17 844 0 
735 300 79 882 1 (18,5)
735 301 59 858 2 (4,13) , (13,2)
735 302 91 829 1 (82,6)
738 303 45 831 1 (21,7)
739 304 72 896 0 
741 305 44 821 2 (10,25) , (16,4)
741 306 104 928 2 (12,6) , (106,3)
741 307 6 929 0 
742 308 48 925 1 (22,1)
744 309 70 806 2 (6,15) , (7,1)
749 310 33 770 0 
752 311 53 773 1 (10,9)
753 312 31 914 0 
758 313 96 880 1 (57,1)
758 314 10 763 2 (4,3) , (3,4)
760 315 56 895 0 
760 316 43 830 1 (22,7)
765 317 84 960 0 
767 318 82 833 1 (59,1)
772 319 79 876 2 (8,6) , (7,1)
774 320 27 783 2 (5,29) , (8,7)
775 321 45 792 2 (11,2) , (26,1)
777 322 6 840 1 (3,7)
777 323 94 854 2 (18,19) , (51,4)
780 324 89 805 2 (4,11) , (47,3)
782 325 55 953 0 
784 326 102 838 2 (5,14) , (39,6)
788 327 81 924 0 
789 328 17 791 0 
790 329 55 790 0 
795 330 96 981 1 (94,1)
797 331 103 902 1 (4,2)
802 332 80 993 2 (6,2) , (68,10)
807 333 78 845 2 (16,8) , (36,4)
811 334 29 905 2 (6,17) , (6,1)
813 335 44 990 0 
818 336 12 962 2 (4,3) , (4,2)
820 337 61 909 2 (14,23) , (56,1)
823 338 64 995 1 (19,1)
826 339 12 932 2 (3,5) , (5,10)
826 340 45 953 0 
831 341 89 986 2 (5,15) , (54,9)
836 342 43 1009 2 (8,25) , (38,7)
839 343 12 962 0 
842 344 37 880 0 
846 345 77 1004 1 (23,6)
847 346 84 898 2 (5,16) , (19,6)
847 347 54 870 2 (8,23) , (19,5)
850 348 26 880 0 
851 349 67 1009 0 
856 350 82 966 1 (78,5)
859 351 82 1044 1 (60,2)
860 352 54 943 1 (2,4)
861 353 7 1043 2 (3,13) , (5,5)
861 354 38 1003 0 
864 355 15 891 1 (5,2)
867 356 86 1015 1 (8,1)
869 357 47 1067 2 (9,6) , (38,9)
870 358 15 878 1 (14,6)
875 359 25 954 1 (2,6)
880 360 89 892 0 
885 361 8 894 0 
887 362 45 1072 1 (27,2)
890 363 77 939 1 (23,1)
892 364 66 988 1 (19,10)
894 365 96 913 0 
899 366 63 1015 0 
902 367 57 1038 2 (10,28) , (17,2)
905 368 62 1065 1 (56,9)
905 369 102 943 2 (4,17) , (96,6)
906 370 8 1005 0 
909 371 27 1016 2 (6,7) , (6,7)
912 372 80 994 0 
912 373 82 927 0 
915 374 86 1016 2 (17,29) , (51,9)
919 375 30 1066 2 (8,1) , (21,8)
921 376 8 1098 2 (3,19) , (7,4)
921 377 70 1032 0 
921 378 100 1080 1 (31,4)
924 379 69 979 1 (14,9)
929 380 20 936 0 
929 381 62 1072 1 (1,8)
933 382 101 1056 1 (88,8)
936 383 18 1133 0 
939 384 26 1020 1 (3,8)
943 385 65 1063 0 
944 386 43 1052 1 (29,6)
949 387 18 997 2 (4,25) , (6,9)
954 388 84 964 2 (3,27) , (76,3)
955 389 75 1008 1 (32,8)
958 390 95 972 1 (59,5)
962 391 68 1151 1 (42,6)
967 392 95 1019 1 (93,4)
967 393 23 999 2 (5,1) , (10,8)
968 394 23 1041 2 (3,16) , (20,9)
973 395 67 1079 1 (37,4)
975 396 22 1111 2 (6,9) , (18,9)
976 397 17 1120 0 
978 398 94 1008 1 (45,8)
983 399 104 1118 0 
985 400 59 1147 0 
987 401 33 1140 2 (3,20) , (18,10)
991 402 92 1036 1 (87,2)
996 403 92 1085 0 
1001 404 31 1105 0 
1004 405 11 1021 1 (9,3)
1008 406 10 1202 1 (9,5)
1008 407 75 1096 2 (14,15) , (26,1)
1010 408 38 1174 2 (9,14) , (16,8)
1014 409 73 1050 2 (13,16) , (21,7)
1015 410 48 1080 1 (37,8)
1018 411 62 1212 0 
1018 412 75 1181 2 (4,7) , (18,7)
1023 413 14 1060 1 (4,1)
1026 414 53 1115 1 (8,7)
1026 415 22 1162 2 (5,11) , (22,9)
1027 416 13 1030 0 
1028 417 11 1073 2 (4,16) , (12,3)
1033 418 40 1207 0 
1033 419 86 1218 0 
1036 420 93 1199 1 (50,2)
1036 421 94 1220 2 (18,8) , (101,2)
1038 422 84 1179 0 
1042 423 61 1060 0 
1042 424 31 1085 2 (6,25) , (12,2)
1044 425 28 1214 2 (3,10) , (20,6)
1046 426 101 1178 1 (29,1)
1047 427 8 1055 0 
1049 428 103 1192 2 (17,1) , (83,7)
1052 429 37 1214 2 (3,8) , (23,1)
1057 430 69 1252 1 (26,2)
1057 431 21 1134 1 (16,8)
1058 432 16 1213 0 
1063 433 78 1245 1 (71,7)
1065 434 59 1215 0 
1067 435 17 1258 1 (12,3)
1069 436 59 1120 0 
1071 437 65 1124 2 (9,3) , (62,1)
1073 438 93 1155 0 
1076 439 21 1126 0 
1078 440 33 1234 0 
1082 441 21 1258 0 
1083 442 13 1109 0 
1085 443 60 1209 2 (13,6) , (49,7)
1085 444 59 1111 2 (9,16) , (48,10)
1087 445 41 1193 1 (37,8)
1091 446 88 1284 0 
1091 447 12 1231 2 (4,10) , (8,7)
1096 448 23 1152 2 (6,29) , (11,3)
1100 449 90 1255 0 
1101 450 11 1253 1 (9,6)
1102 451 71 1168 2 (11,3) , (79,1)
1103 452 104 1214 1 (44,4)
1103 453 23 1217 0 
1105 454 30 1255 2 (6,27) , (33,10)
1107 455 74 1157 0 
1108 456 20 1131 1 (17,7)
1109 457 21 1241 0 
1114 458 5 1294 1 (1,5)
1114 459 99 1192 1 (31,10)
1116 460 21 1140 1 (1,6)
1116 461 71 1134 1 (57,2)
1116 462 48 1176 2 (8,21) , (22,9)
1117 463 61 1237 1 (6,10)
1119 464 33 1316 2 (7,22) , (14,4)
1124 465 80 1292 0 
1125 466 18 1165 0 
1130 467 59 1266 2 (9,14) , (28,8)
1134 468 21 1192 2 (3,14) , (22,5)
1134 469 70 1221 2 (12,11) , (22,3)
1135 470 94 1309 0 
1136 471 10 1156 1 (5,9)
1136 472 59 1260 2 (9,18) , (23,7)
1141 473 28 1236 2 (7,13) , (25,3)
1143 474 93 1202 0 
1147 475 23 1198 0 
1150 476 14 1307 0 
1155 477 76 1191 0 
1158 478 32 1318 0 
1161 479 70 1287 0 
1164 480 80 1294 1 (27,7)
1166 481 47 1354 2 (10,1) , (55,5)
1171 482 96 1347 1 (95,1)
1175 483 11 1185 0 
1176 484 48 1369 0 
1177 485 95 1348 0 
1179 486 98 1375 0 
1182 487 101 1363 2 (9,4) , (9,7)
1184 488 59 1334 0 
1185 489 43 1268 2 (5,9) , (13,10)
1187 490 16 1339 2 (3,20) , (15,6)
1191 491 13 1220 2 (3,12) , (8,3)
1195 492 20 1255 1 (2,5)
1198 493 15 1260 1 (6,5)
1200 494 88 1331 0 
1204 495 8 1256 1 (5,10)
1207 496 97 1250 1 (18,5)
1207 497 26 1252 1 (7,7)
1212 498 85 1355 0 
1214 499 101 1306 2 (17,12) , (116,7)
1214 500 53 1290 0 
1217 501 56 1340 2 (10,20) , (51,10)
1222 502 71 1247 2 (12,6) , (19,1)
1226 503 25 1347 1 (5,3)
1227 504 86 1351 1 (43,8)
1227 505 12 1398 2 (4,5) , (10,3)
1227 506 103 1373 0 
1227 507 50 1336 2 (6,21) , (15,2)
1231 508 33 1335 1 (31,6)
1235 509 88 1377 2 (7,30) , (79,9)
1235 510 24 1298 0 
1239 511 27 1367 1 (2,5)
1241 512 47 1261 0 
1241 513 45 1430 1 (24,5)
1244 514 11 1417 2 (4,27) , (13,4)
1248 515 78 1257 1 (21,8)
1252 516 99 1332 0 
1252 517 41 1417 1 (1,7)
1256 518 65 1391 2 (11,4) , (46,1)
1261 519 50 1419 1 (19,10)
1266 520 12 1300 0 
1270 521 69 1424 0 
1275 522 56 1306 1 (36,8)
1275 523 76 1408 1 (71,10)
1280 524 30 1366 1 (23,2)
1285 525 66 1358 2 (12,16) , (46,10)
1289 526 98 1335 0 
1290 527 40 1452 2 (8,21) , (40,1)
1291 528 78 1396 0 
1294 529 41 1297 0 
1299 530 17 1489 2 (3,25) , (7,9)
1304 531 74 1366 0 
1305 532 104 1316 0 
1309 533 49 1448 0 
1309 534 94 1508 0 
1311 535 10 1356 2 (4,8) , (4,3)
1314 536 99 1486 2 (13,14) , (51,9)
1317 537 35 1317 2 (4,18) , (34,3)
1317 538 25 1511 2 (5,23) , (18,2)
1320 539 51 1328 0 
1320 540 84 1335 1 (74,4)
1322 541 27 1430 0 
1325 542 42 1470 0 
1325 543 103 1465 0 
1327 544 82 1460 1 (24,2)
1329 545 83 1469 2 (6,18) , (14,1)
1330 546 93 1400 0 
1333 547 104 1427 0 
1338 548 76 1341 0 
1340 549 23 1466 1 (7,9)
1342 550 21 1377 2 (5,16) , (16,1)
1342 551 33 1455 1 (22,1)
1344 552 65 1493 1 (19,8)
1344 553 68 1506 2 (12,12) , (31,5)
1347 554 96 1478 0 
1351 555 23 1406 0 
1352 556 94 1403 0 
1355 557 22 1388 2 (3,3) , (5,6)
1357 558 71 1483 1 (4,3)
1361 559 42 1363 1 (8,1)
1363 560 98 1455 1 (3,2)
1368 561 97 1400 1 (41,1)
1372 562 32 1549 1 (14,3)
1373 563 45 1441 1 (39,9)
1376 564 86 1446 2 (5,8) , (33,4)
1379 565 34 1478 2 (6,10) , (8,6)
1384 566 81 1453 2 (6,27) , (59,7)
1388 567 35 1529 1 (26,5)
1388 568 57 1492 0 
1390 569 82 1464 0 
1390 570 5 1417 0 
1391 571 24 1413 0 
1393 572 88 1552 0 
1395 573 70 1495 1 (9,3)
1396 574 75 1404 1 (49,9)
1400 575 63 1520 1 (6,9)
1404 576 41 1525 2 (8,25) , (21,7)
1404 577 38 1570 0 
1407 578 49 1558 1 (30,2)
1408 579 51 1569 0 
1413 580 67 1570 2 (13,1) , (16,10)
1413 581 12 1425 1 (8,1)
1418 582 79 1603 1 (34,1)
1421 583 101 1441 1 (4,1)
1425 584 55 1492 2 (4,24) , (55,10)
1425 585 85 1596 0 
1429 586 33 1602 2 (5,25) , (33,4)
1432 587 55 1598 1 (51,3)
1434 588 66 1452 0 
1438 589 63 1580 2 (6,24) , (18,10)
1441 590 88 1616 0 
1442 591 15 1593 0 
1446 592 29 1637 0 
1448 593 31 1557 2 (3,29) , (3,3)
1448 594 49 1565 2 (10,5) , (34,8)
1448 595 73 1647 2 (9,4) , (42,10)
1452 596 92 1481 2 (19,30) , (21,4)
1453 597 22 1560 1 (10,8)
1456 598 13 1473 1 (5,7)
1458 599 43 1484 0 
1462 600 87 1489 0 
1467 601 27 1517 1 (26,4)
1468 602 9 1482 1 (4,3)
1470 603 54 1627 0 
1472 604 5 1580 2 (3,17) , (3,3)
1476 605 28 1581 2 (6,19) , (30,7)
1478 606 65 1626 0 
1481 607 27 1596 2 (3,6) , (2,5)
1482 608 36 1565 2 (8,27) , (8,8)
1486 609 102 1534 2 (18,12) , (110,6)
1487 610 5 1678 0 
1490 611 33 1593 2 (3,9) , (21,3)
1494 612 93 1550 0 
1496 613 71 1563 2 (7,7) , (23,5)
1498 614 104 1642 1 (60,2)
1503 615 67 1616 2 (5,15) , (49,3)
1508 616 49 1624 0 
1510 617 5 1576 0 
1512 618 28 1513 2 (7,4) , (16,6)
1514 619 22 1540 1 (17,6)
1516 620 43 1681 2 (6,5) , (8,7)
1520 621 36 1621 2 (7,16) , (20,6)
1524 622 85 1666 0 
1524 623 63 1723 1 (18,7)
1529 624 40 1640 0 
1529 625 45 1714 2 (6,25) , (49,5)
1530 626 98 1571 2 (14,2) , (76,9)
1535 627 84 1569 2 (8,4) , (47,7)
1538 628 16 1735 2 (5,15) , (15,7)
1538 629 67 1574 0 
1543 630 103 1703 0 
1545 631 69 1696 0 
1547 632 68 1618 0 
1552 633 93 1664 2 (15,17) , (27,8)
1557 634 6 1724 0 
1561 635 32 1567 0 
1561 636 82 1704 1 (67,10)
1564 637 16 1611 0 
1567 638 43 1591 1 (21,6)
1568 639 63 1658 0 
1571 640 48 1620 2 (10,29) , (32,7)
1572 641 103 1579 2 (11,1) , (80,1)
1575 642 38 1623 0 
1580 643 73 1732 1 (56,6)
1582 644 104 1780 1 (56,7)
1587 645 95 1684 2 (5,16) , (31,1)
1590 646 9 1590 2 (3,5) , (3,7)
1591 647 77 1684 1 (18,4)
1591 648 100 1696 0 
1592 649 56 1728 1 (25,1)
1597 650 36 1763 1 (2,7)
1597 651 45 1616 1 (42,3)
1599 652 46 1757 2 (8,5) , (21,7)
1603 653 69 1740 1 (4,6)
1606 654 32 1729 2 (8,11) , (24,2)
1609 655 62 1673 0 
1612 656 50 1759 0 
1613 657 35 1730 1 (11,6)
1615 658 98 1697 1 (85,8)
1617 659 56 1716 0 
1620 660 11 1724 0 
1622 661 79 1804 0 
1622 662 91 1692 2 (9,7) , (95,6)
1624 663 9 1814 2 (3,19) , (5,1)
1628 664 14 1633 2 (4,26) , (9,2)
1628 665 34 1779 1 (10,5)
1629 666 104 1814 1 (81,9)
1634 667 7 1658 0 
1635 668 15 1679 2 (5,17) , (8,2)
1640 669 25 1672 0 
1640 670 34 1710 2 (5,30) , (22,4)
1645 671 92 1755 1 (62,7)
1646 672 64 1774 2 (4,14) , (51,10)
1647 673 50 1723 0 
1648 674 88 1668 0 
1651 675 57 1780 2 (8,5) , (11,6)
1652 676 52 1699 1 (3,1)
1656 677 17 1781 0 
1656 678 30 1750 2 (8,7) , (16,3)
1658 679 78 1769 0 
1661 680 99 1799 1 (32,10)
1664 681 10 1703 1 (2,10)
1666 682 44 1721 1 (16,2)
1671 683 25 1677 0 
1673 684 73 1762 0 
1674 685 44 1769 2 (8,2) , (37,8)
1677 686 38 1684 2 (8,2) , (20,9)
1677 687 16 1816 0 
1677 688 98 1747 1 (13,10)
1681 689 16 1751 2 (5,21) , (4,10)
1684 690 94 1693 0 
1687 691 19 1785 0 
1688 692 100 1721 0 
1691 693 45 1804 0 
1694 694 6 1864 1 (2,6)
1694 695 102 1706 0 
1698 696 62 1760 1 (18,9)
1702 697 40 1714 0 
1706 698 62 1755 1 (60,3)
1707 699 95 1802 0 
1712 700 33 1767 2 (4,11) , (18,2)
5 1
6 2
7 3
