6 8 2 7
6
5 1 98 8 5
1291
2 1 12 54 2 (3,12) , (4,9)
6 2 41 42 1 (32,9)
6 3 12 79 1 (10,7)
9 4 57 110 2 (7,22) , (7,10)
14 5 92 121 2 (10,25) , (69,3)
18 6 84 84 2 (17,23) , (68,4)
18 7 42 153 2 (10,20) , (42,10)
23 8 83 125 1 (42,3)
26 9 81 148 0 
30 10 74 157 1 (24,5)
34 11 87 175 0 
35 12 29 199 2 (5,13) , (7,6)
39 13 19 115 0 
39 14 22 116 0 
40 15 87 126 0 
44 16 52 81 1 (22,6)
49 17 17 214 1 (5,3)
54 18 5 110 1 (4,2)
55 19 6 157 2 (3,13) , (2,5)
59 20 60 197 2 (11,1) , (20,10)
64 21 7 249 1 (7,7)
69 22 87 207 2 (11,22) , (54,5)
69 23 66 169 0 
74 24 28 251 1 (8,9)
75 25 97 108 2 (21,1) , (44,7)
80 26 47 278 2 (6,5) , (22,3)
81 27 26 118 1 (13,1)
82 28 8 204 2 (3,18) , (7,4)
82 29 38 140 2 (7,8) , (31,7)
87 30 59 163 1 (12,4)
91 31 33 166 0 
95 32 69 147 2 (5,19) , (11,1)
99 33 96 128 1 (93,9)
99 34 80 206 2 (13,23) , (80,7)
104 35 74 239 1 (21,2)
106 36 73 165 2 (15,23) , (28,3)
106 37 28 256 0 
106 38 27 235 1 (14,9)
109 39 92 232 0 
112 40 75 117 2 (5,30) , (53,4)
114 41 65 288 2 (9,2) , (19,10)
116 42 69 295 2 (11,24) , (48,8)
121 43 77 230 2 (12,2) , (43,1)
121 44 30 242 1 (30,3)
124 45 42 175 1 (24,9)
127 46 104 176 1 (69,8)
127 47 78 236 1 (26,7)
132 48 72 324 2 (6,24) , (28,6)
137 49 83 290 2 (16,4) , (34,9)
140 50 93 170 0 
140 51 98 164 1 (35,6)
141 52 99 240 1 (32,1)
143 53 24 292 0 
143 54 92 169 1 (36,2)
147 55 31 335 1 (12,9)
149 56 22 319 1 (2,3)
151 57 77 217 1 (36,9)
156 58 103 158 1 (85,7)
161 59 7 312 0 
166 60 77 363 0 
171 61 85 326 1 (2,7)
175 62 96 220 0 
175 63 31 278 2 (7,29) , (27,7)
178 64 80 354 1 (24,2)
179 65 30 185 2 (6,19) , (14,1)
184 66 16 362 1 (16,5)
187 67 43 343 2 (6,28) , (13,8)
187 68 55 199 2 (6,8) , (32,10)
190 69 45 194 1 (7,9)
195 70 18 323 1 (4,3)
196 71 18 370 1 (13,1)
199 72 57 289 0 
200 73 25 220 1 (21,6)
204 74 45 244 1 (5,2)
209 75 90 367 0 
210 76 51 288 0 
215 77 39 294 1 (15,7)
216 78 20 284 2 (3,17) , (14,5)
221 79 84 278 0 
226 80 82 357 0 
226 81 72 262 1 (25,7)
229 82 84 237 2 (5,28) , (39,1)
233 83 23 256 2 (3,1) , (13,10)
235 84 89 268 2 (7,20) , (87,10)
240 85 19 328 0 
244 86 56 403 0 
248 87 69 404 2 (11,4) , (35,4)
251 88 30 252 1 (15,1)
253 89 68 329 2 (14,1) , (29,10)
256 90 86 303 0 
259 91 90 452 1 (39,6)
261 92 99 392 1 (11,4)
262 93 7 358 1 (2,6)
263 94 71 371 1 (70,1)
267 95 95 316 1 (83,4)
271 96 37 446 2 (8,30) , (28,8)
275 97 17 345 2 (5,25) , (11,2)
277 98 69 328 1 (6,1)
278 99 99 300 2 (3,11) , (100,8)
279 100 66 468 0 
281 101 24 430 0 
286 102 104 361 1 (13,4)
286 103 52 361 2 (6,1) , (32,9)
289 104 86 482 0 
290 105 73 313 0 
292 106 80 351 0 
293 107 25 351 1 (2,4)
298 108 84 378 1 (41,8)
299 109 53 366 1 (52,10)
302 110 36 311 0 
304 111 100 347 0 
306 112 36 463 0 
308 113 76 386 2 (16,25) , (90,3)
313 114 29 493 1 (14,8)
313 115 32 315 1 (21,6)
313 116 75 420 0 
313 117 56 490 1 (41,7)
314 118 60 494 0 
319 119 37 481 1 (1,9)
319 120 16 429 0 
324 121 60 470 2 (9,11) , (48,5)
328 122 78 346 2 (4,17) , (38,7)
332 123 46 456 2 (5,19) , (24,5)
333 124 33 493 1 (15,4)
338 125 91 491 2 (20,2) , (19,7)
341 126 85 405 1 (34,3)
341 127 28 426 0 
343 128 61 397 0 
348 129 37 432 2 (3,5) , (22,2)
348 130 41 515 1 (38,5)
348 131 93 453 1 (39,9)
348 132 99 429 0 
350 133 41 409 0 
352 134 11 488 0 
356 135 16 457 0 
357 136 33 396 1 (6,9)
360 137 103 413 2 (12,10) , (110,4)
363 138 96 412 2 (9,25) , (42,9)
368 139 20 376 0 
373 140 64 516 1 (59,6)
376 141 78 420 2 (14,4) , (53,4)
377 142 45 439 0 
381 143 83 556 2 (16,22) , (74,5)
382 144 104 468 2 (11,24) , (37,10)
384 145 81 580 1 (3,1)
387 146 58 411 1 (26,9)
392 147 17 501 2 (5,13) , (19,2)
395 148 38 564 0 
397 149 34 544 0 
399 150 75 578 2 (15,17) , (38,6)
400 151 46 452 2 (5,27) , (27,2)
404 152 88 589 0 
408 153 102 430 2 (8,12) , (45,1)
410 154 50 493 2 (11,18) , (53,8)
411 155 80 473 0 
416 156 93 615 1 (49,5)
419 157 35 503 2 (4,20) , (3,2)
421 158 57 605 0 
421 159 26 451 1 (25,3)
422 160 93 457 2 (19,22) , (26,6)
426 161 38 460 2 (5,17) , (16,7)
429 162 38 543 2 (5,25) , (31,3)
433 163 32 597 2 (5,24) , (15,6)
438 164 8 472 0 
443 165 60 444 0 
443 166 47 515 1 (36,2)
448 167 83 606 1 (72,7)
448 168 97 592 1 (1,6)
451 169 96 615 1 (92,9)
454 170 86 599 0 
456 171 13 546 0 
459 172 28 546 1 (26,4)
464 173 45 507 0 
466 174 16 522 1 (11,8)
470 175 50 498 0 
473 176 17 550 0 
478 177 10 542 1 (2,4)
479 178 33 518 0 
481 179 65 660 0 
483 180 100 630 2 (22,9) , (65,3)
484 181 75 604 2 (6,7) , (5,6)
488 182 30 634 1 (13,5)
493 183 83 574 2 (3,26) , (40,9)
493 184 26 568 2 (5,13) , (4,5)
497 185 59 689 1 (4,10)
497 186 96 599 1 (27,3)
501 187 76 656 2 (11,20) , (81,2)
503 188 51 580 0 
503 189 77 618 0 
505 190 84 510 2 (3,15) , (58,6)
505 191 64 602 1 (27,10)
507 192 31 685 1 (1,10)
512 193 92 682 1 (74,4)
513 194 7 676 0 
518 195 14 541 0 
521 196 87 618 2 (11,10) , (67,5)
525 197 91 694 0 
525 198 104 673 2 (12,16) , (16,4)
529 199 20 586 2 (5,29) , (17,6)
529 200 54 677 2 (11,23) , (15,6)
530 201 86 642 2 (18,18) , (31,1)
533 202 73 690 1 (16,10)
533 203 89 571 1 (72,2)
537 204 78 615 1 (11,4)
541 205 49 580 1 (35,7)
543 206 9 544 0 
544 207 24 644 2 (4,16) , (24,9)
547 208 33 563 1 (31,3)
552 209 76 604 2 (12,9) , (14,1)
553 210 71 667 0 
555 211 90 651 2 (16,1) , (48,1)
556 212 84 737 2 (8,18) , (24,5)
561 213 8 708 1 (5,2)
561 214 63 643 0 
565 215 19 762 2 (4,27) , (5,2)
569 216 17 603 2 (3,19) , (7,10)
573 217 30 592 1 (15,3)
576 218 68 741 1 (18,9)
581 219 94 686 1 (70,3)
583 220 79 657 2 (11,7) , (68,8)
587 221 15 710 2 (4,17) , (9,8)
592 222 103 790 2 (17,11) , (66,1)
592 223 35 699 1 (32,8)
597 224 30 663 2 (8,9) , (31,1)
602 225 82 777 0 
602 226 20 654 0 
606 227 63 795 0 
610 228 10 768 1 (1,7)
611 229 86 639 2 (10,10) , (86,2)
612 230 95 724 2 (13,17) , (31,6)
617 231 47 791 0 
618 232 46 770 2 (9,13) , (22,4)
618 233 38 784 2 (6,8) , (22,5)
620 234 5 796 2 (3,11) , (4,2)
624 235 7 694 1 (3,6)
627 236 81 635 1 (72,5)
627 237 10 646 1 (3,10)
627 238 28 764 1 (6,4)
628 239 62 653 1 (3,9)
632 240 99 663 0 
635 241 71 687 0 
637 242 38 822 0 
642 243 69 663 1 (66,7)
644 244 99 662 2 (14,13) , (54,8)
644 245 49 717 1 (27,7)
646 246 83 734 2 (12,30) , (55,8)
647 247 78 716 2 (9,17) , (28,5)
649 248 88 767 0 
652 249 100 698 1 (77,9)
655 250 33 791 1 (28,2)
660 251 76 677 2 (3,20) , (42,5)
661 252 26 767 0 
663 253 45 741 0 
663 254 103 749 2 (4,7) , (37,4)
665 255 33 796 2 (8,16) , (39,7)
669 256 18 719 0 
671 257 94 838 0 
672 258 69 801 2 (11,15) , (70,6)
672 259 95 810 2 (14,7) , (78,10)
674 260 71 836 0 
674 261 17 806 0 
674 262 50 805 2 (12,12) , (41,1)
677 263 55 760 2 (6,28) , (32,10)
678 264 16 688 1 (3,5)
678 265 64 687 0 
682 266 62 748 1 (9,10)
686 267 67 778 0 
689 268 40 830 2 (9,17) , (46,10)
694 269 75 790 2 (4,23) , (76,4)
695 270 8 811 1 (7,8)
696 271 58 875 1 (15,2)
701 272 66 779 1 (47,10)
701 273 45 811 1 (8,10)
705 274 41 829 2 (10,23) , (14,5)
706 275 27 706 2 (5,6) , (8,2)
710 276 62 800 0 
710 277 97 757 2 (14,19) , (71,3)
710 278 46 713 2 (11,27) , (47,2)
713 279 93 812 2 (13,28) , (51,10)
715 280 11 911 1 (3,1)
719 281 49 795 0 
719 282 14 740 2 (3,1) , (14,4)
722 283 35 920 2 (7,4) , (13,3)
726 284 74 913 0 
727 285 6 780 0 
731 286 97 872 2 (14,6) , (27,7)
735 287 48 762 2 (9,24) , (17,3)
736 288 54 777 1 (2,9)
737 289 63 809 2 (7,29) , (47,8)
737 290 34 903 1 (17,10)
738 291 73 922 1 (3,2)
738 292 30 767 2 (3,23) , (21,3)
738 293 38 741 0 
738 294 81 747 1 (54,1)
743 295 80 756 2 (3,21) , (35,8)
747 296 34 842 1 (28,4)
749 297 66 878 0 
749 298 41 827 1 (9,9)
750 299 66 934 0 
755 300 84 944 0 
755 301 74 774 0 
755 302 92 900 1 (27,7)
757 303 40 884 1 (27,7)
761 304 86 831 2 (19,27) , (46,10)
764 305 41 855 2 (9,18) , (11,8)
767 306 65 841 0 
767 307 45 855 0 
768 308 78 928 1 (67,7)
772 309 66 884 2 (9,28) , (28,8)
773 310 72 868 0 
773 311 84 936 2 (3,15) , (80,9)
777 312 38 971 2 (9,29) , (31,9)
779 313 84 949 2 (6,27) , (64,10)
779 314 49 933 0 
784 315 56 971 2 (10,13) , (45,3)
787 316 36 850 2 (4,20) , (35,1)
790 317 14 796 0 
790 318 46 850 1 (4,10)
795 319 86 832 2 (10,22) , (30,10)
800 320 23 939 2 (4,4) , (3,10)
801 321 19 884 1 (10,9)
802 322 42 894 1 (20,8)
804 323 17 867 1 (15,9)
807 324 30 996 0 
811 325 73 997 1 (23,2)
812 326 40 971 1 (29,5)
813 327 66 823 2 (12,7) , (74,10)
816 328 23 832 1 (19,10)
817 329 8 828 1 (2,4)
822 330 61 898 0 
826 331 55 985 2 (3,4) , (29,6)
826 332 90 952 2 (3,8) , (62,5)
829 333 5 959 2 (3,10) , (3,5)
833 334 64 1008 1 (62,1)
834 335 66 841 0 
836 336 79 884 1 (45,6)
837 337 86 838 2 (18,6) , (36,10)
840 338 40 1012 1 (18,9)
845 339 42 1020 1 (39,3)
850 340 56 1046 0 
850 341 91 911 1 (6,1)
854 342 32 930 0 
859 343 72 977 1 (45,5)
859 344 49 897 0 
861 345 24 933 2 (4,11) , (13,8)
863 346 86 1034 2 (15,16) , (90,5)
868 347 96 893 2 (3,4) , (10,1)
872 348 76 881 1 (40,1)
877 349 42 1032 0 
882 350 95 955 0 
885 351 67 966 1 (25,5)
886 352 86 977 0 
891 353 86 1064 0 
893 354 88 937 2 (6,11) , (31,7)
898 355 14 973 0 
903 356 45 961 2 (3,22) , (35,2)
904 357 71 999 1 (21,9)
904 358 46 1056 2 (7,19) , (35,4)
907 359 46 999 1 (32,1)
910 360 51 1027 0 
911 361 17 962 0 
915 362 81 929 0 
919 363 17 1034 2 (5,19) , (5,10)
919 364 44 1056 0 
923 365 60 1066 2 (14,30) , (29,5)
928 366 25 1056 2 (7,23) , (9,4)
932 367 102 1076 1 (42,10)
934 368 5 1025 2 (3,11) , (4,10)
934 369 76 1038 2 (7,27) , (58,9)
938 370 74 1108 1 (11,4)
943 371 52 1042 1 (18,2)
946 372 21 1003 0 
946 373 88 987 1 (66,1)
948 374 87 1092 2 (5,4) , (71,7)
948 375 25 1095 2 (5,9) , (12,1)
951 376 27 1082 2 (5,29) , (24,1)
956 377 76 1118 0 
961 378 16 1115 2 (5,2) , (6,7)
961 379 92 975 2 (19,10) , (21,9)
962 380 59 1121 0 
965 381 80 981 1 (7,8)
966 382 71 1070 2 (11,6) , (21,8)
968 383 64 1141 0 
972 384 55 1125 1 (15,9)
974 385 43 1060 2 (5,8) , (15,8)
976 386 63 1066 0 
978 387 26 1122 1 (8,2)
980 388 12 1124 0 
984 389 57 1181 0 
986 390 67 1027 0 
987 391 17 1130 1 (17,1)
991 392 51 1156 2 (7,7) , (40,7)
992 393 79 1189 1 (71,3)
994 394 18 1182 0 
995 395 103 1141 1 (62,1)
999 396 98 1090 1 (13,7)
1004 397 98 1192 1 (24,8)
1004 398 21 1177 1 (10,9)
1006 399 94 1016 0 
1010 400 104 1202 1 (90,8)
1014 401 87 1112 1 (32,7)
1014 402 29 1160 1 (5,8)
1015 403 76 1209 2 (10,22) , (20,6)
1015 404 43 1068 2 (8,9) , (11,6)
1016 405 11 1151 2 (3,22) , (6,9)
1017 406 63 1216 2 (13,5) , (73,1)
1020 407 13 1145 2 (3,13) , (3,4)
1024 408 66 1032 0 
1028 409 8 1098 1 (7,9)
1033 410 33 1157 0 
1033 411 38 1197 0 
1035 412 61 1059 0 
1039 413 73 1129 1 (31,5)
1043 414 28 1195 1 (7,5)
1044 415 68 1070 2 (13,30) , (76,7)
1049 416 38 1108 0 
1054 417 38 1138 0 
1059 418 84 1155 1 (5,3)
1063 419 70 1178 0 
1065 420 29 1137 2 (3,6) , (16,7)
1070 421 12 1257 1 (7,4)
1073 422 18 1272 2 (3,27) , (10,8)
1074 423 88 1129 2 (5,27) , (60,2)
1078 424 32 1139 0 
1082 425 92 1178 1 (11,3)
1083 426 59 1271 0 
1084 427 96 1123 0 
1085 428 29 1099 0 
1089 429 50 1153 2 (4,4) , (21,1)
1091 430 16 1220 2 (3,7) , (2,1)
1095 431 20 1248 0 
1097 432 66 1133 1 (5,3)
1097 433 62 1133 2 (13,17) , (15,3)
1098 434 99 1235 1 (30,4)
1100 435 11 1129 1 (9,9)
1104 436 95 1269 2 (3,6) , (11,7)
1105 437 18 1190 2 (5,28) , (5,2)
1106 438 15 1184 0 
1107 439 49 1151 0 
1111 440 101 1259 0 
1111 441 70 1206 0 
1114 442 28 1169 1 (28,7)
1114 443 20 1203 2 (4,14) , (5,7)
1115 444 21 1176 1 (10,9)
1120 445 69 1165 0 
1122 446 10 1217 2 (4,21) , (3,7)
1124 447 9 1283 0 
1128 448 39 1130 1 (32,9)
1129 449 14 1298 2 (4,22) , (13,4)
1131 450 46 1325 1 (36,8)
1135 451 49 1196 0 
1140 452 99 1186 2 (3,15) , (18,8)
1144 453 63 1156 1 (7,9)
1146 454 82 1309 2 (8,27) , (32,1)
1147 455 42 1269 2 (6,11) , (24,9)
1152 456 77 1154 2 (13,11) , (40,2)
1156 457 71 1182 0 
1158 458 81 1268 1 (33,6)
1163 459 71 1187 1 (18,8)
1163 460 82 1235 1 (35,7)
1164 461 48 1249 0 
1164 462 11 1307 0 
1166 463 14 1295 2 (4,17) , (11,3)
1170 464 11 1291 2 (3,25) , (11,7)
1170 465 27 1289 0 
1172 466 62 1312 0 
1174 467 60 1276 0 
1177 468 19 1266 2 (4,11) , (8,1)
1178 469 32 1291 1 (3,1)
1181 470 76 1368 0 
1186 471 63 1270 0 
1189 472 43 1258 0 
1191 473 89 1333 0 
1194 474 29 1327 0 
1199 475 66 1266 2 (4,18) , (50,3)
1203 476 96 1301 0 
1206 477 30 1315 1 (5,6)
1208 478 72 1321 2 (4,23) , (25,7)
1209 479 96 1348 2 (20,22) , (88,3)
1214 480 43 1219 0 
1215 481 51 1412 1 (49,10)
1215 482 97 1411 0 
1217 483 43 1239 1 (28,5)
1220 484 25 1394 1 (8,10)
1221 485 66 1338 1 (27,8)
1225 486 50 1245 1 (20,5)
1229 487 79 1365 0 
1234 488 42 1409 0 
1235 489 54 1240 2 (4,13) , (23,6)
1235 490 11 1343 2 (3,4) , (12,8)
1239 491 85 1321 2 (13,26) , (93,3)
1241 492 46 1295 1 (28,6)
1245 493 64 1394 1 (21,6)
1246 494 5 1352 2 (3,24) , (5,1)
1247 495 32 1275 2 (3,1) , (11,5)
1249 496 46 1293 2 (4,4) , (40,10)
1252 497 71 1317 0 
1255 498 28 1308 0 
1260 499 28 1278 1 (28,4)
1261 500 82 1261 1 (49,7)
1264 501 23 1461 1 (18,2)
1266 502 67 1356 0 
1269 503 5 1415 1 (4,6)
1274 504 10 1321 1 (1,6)
1278 505 85 1418 0 
1282 506 45 1380 0 
1282 507 11 1340 0 
1283 508 67 1410 1 (45,9)
1287 509 38 1313 1 (4,3)
1292 510 73 1378 2 (3,11) , (68,7)
1292 511 19 1480 0 
1295 512 52 1391 1 (1,9)
1297 513 10 1310 1 (5,10)
1301 514 52 1465 2 (9,6) , (15,10)
1303 515 46 1390 2 (10,22) , (19,6)
1306 516 10 1333 2 (3,15) , (9,1)
1309 517 15 1492 0 
1312 518 94 1434 2 (4,19) , (18,6)
1315 519 103 1484 2 (4,23) , (84,5)
1320 520 37 1366 2 (6,13) , (33,10)
1321 521 17 1463 1 (15,9)
1325 522 19 1342 1 (2,1)
1326 523 44 1367 1 (6,8)
1331 524 79 1399 2 (17,18) , (45,1)
1331 525 83 1377 2 (7,9) , (59,1)
1331 526 32 1424 1 (30,2)
1334 527 97 1354 1 (90,7)
1339 528 22 1415 1 (19,2)
1341 529 96 1355 0 
1341 530 94 1348 1 (49,5)
1341 531 35 1480 1 (26,1)
1345 532 32 1447 0 
1349 533 75 1474 0 
1354 534 96 1545 1 (59,9)
1355 535 42 1498 1 (8,6)
1359 536 20 1537 0 
1360 537 61 1495 1 (28,5)
1363 538 55 1489 1 (46,4)
1368 539 90 1436 2 (18,28) , (45,8)
1371 540 33 1488 0 
1374 541 13 1424 0 
1374 542 55 1508 0 
1374 543 70 1396 2 (11,2) , (38,8)
1378 544 23 1410 1 (1,3)
1380 545 72 1490 1 (25,6)
1383 546 55 1492 1 (55,3)
1387 547 103 1583 0 
1387 548 6 1552 2 (3,8) , (3,6)
1388 549 23 1395 1 (10,4)
1388 550 75 1421 2 (4,7) , (16,7)
1391 551 43 1587 1 (37,2)
1396 552 42 1443 0 
1400 553 13 1569 0 
1403 554 97 1564 2 (11,25) , (73,10)
1407 555 99 1574 1 (6,4)
1411 556 73 1574 0 
1416 557 10 1547 0 
1419 558 80 1472 2 (7,30) , (27,3)
1421 559 46 1609 0 
1423 560 15 1442 1 (7,3)
1424 561 13 1515 1 (13,6)
1429 562 32 1542 2 (6,26) , (31,9)
1430 563 91 1541 1 (52,6)
1434 564 39 1471 1 (21,3)
1438 565 65 1610 1 (13,1)
1439 566 72 1555 0 
1443 567 41 1505 0 
1448 568 62 1635 0 
1448 569 36 1473 2 (4,25) , (3,3)
1450 570 93 1526 1 (74,7)
1455 571 78 1592 1 (23,9)
1456 572 18 1498 1 (15,4)
1459 573 5 1598 2 (3,19) , (6,3)
1464 574 74 1513 1 (72,6)
1464 575 34 1625 1 (18,3)
1465 576 10 1635 0 
1468 577 21 1575 1 (3,8)
1468 578 93 1470 2 (17,8) , (37,1)
1473 579 92 1582 2 (20,2) , (71,6)
1476 580 35 1577 1 (9,8)
1478 581 89 1556 2 (18,19) , (26,6)
1481 582 22 1570 1 (12,5)
1481 583 8 1648 1 (8,8)
1483 584 79 1577 0 
1485 585 22 1615 1 (7,4)
1485 586 12 1617 1 (6,8)
1485 587 8 1643 2 (3,11) , (4,9)
1485 588 34 1583 0 
1485 589 97 1625 2 (12,10) , (56,10)
1490 590 72 1614 0 
1493 591 103 1678 0 
1497 592 75 1553 1 (46,10)
1502 593 78 1547 0 
1502 594 23 1685 1 (10,8)
1506 595 7 1530 2 (3,22) , (4,8)
1507 596 51 1563 1 (9,1)
1511 597 55 1621 1 (16,2)
1516 598 19 1648 2 (5,18) , (19,10)
1521 599 21 1711 0 
1526 600 45 1537 2 (8,14) , (8,8)
1530 601 18 1600 0 
1534 602 81 1631 2 (7,14) , (51,2)
1538 603 58 1645 2 (8,23) , (60,2)
1542 604 23 1726 2 (4,2) , (6,2)
1543 605 16 1685 2 (5,25) , (17,4)
1546 606 79 1721 2 (10,13) , (11,7)
1547 607 85 1582 1 (21,7)
1549 608 34 1701 1 (25,1)
1553 609 5 1722 0 
1558 610 42 1719 2 (6,2) , (11,9)
1559 611 75 1563 2 (10,19) , (33,7)
1559 612 91 1659 2 (8,4) , (78,5)
1564 613 65 1679 2 (12,29) , (71,9)
1567 614 99 1688 2 (19,20) , (29,6)
1569 615 101 1608 0 
1573 616 84 1770 1 (41,2)
1574 617 54 1667 1 (9,1)
1577 618 77 1606 0 
1578 619 104 1631 2 (9,1) , (69,2)
1578 620 49 1686 1 (18,7)
1581 621 8 1741 0 
1585 622 6 1758 0 
1590 623 23 1644 0 
1590 624 59 1609 1 (30,4)
1594 625 56 1608 0 
1598 626 10 1660 1 (5,1)
1602 627 68 1756 2 (8,22) , (56,7)
1604 628 48 1751 1 (2,3)
1605 629 11 1644 1 (2,1)
1609 630 54 1722 2 (10,25) , (26,9)
1611 631 57 1669 2 (13,15) , (38,5)
1616 632 95 1733 0 
1621 633 36 1797 1 (25,6)
1623 634 13 1713 2 (3,24) , (14,5)
1624 635 76 1807 2 (9,21) , (62,5)
1626 636 42 1675 2 (10,22) , (49,3)
1630 637 54 1771 1 (17,6)
1634 638 5 1664 2 (3,21) , (3,7)
1635 639 104 1724 1 (88,7)
1637 640 16 1786 2 (5,28) , (15,4)
1640 641 45 1642 2 (4,4) , (28,7)
1645 642 55 1825 2 (6,11) , (48,2)
1645 643 62 1832 1 (40,3)
1650 644 37 1703 1 (31,10)
1654 645 99 1813 2 (12,20) , (28,8)
1659 646 30 1793 2 (6,5) , (31,6)
1662 647 51 1730 0 
1662 648 101 1754 1 (89,3)
1662 649 62 1667 2 (11,21) , (38,3)
1664 650 29 1829 0 
1668 651 36 1807 2 (4,4) , (26,10)
1673 652 95 1773 1 (3,6)
1675 653 57 1787 1 (1,5)
1675 654 21 1757 0 
1675 655 32 1677 2 (8,17) , (18,10)
1677 656 48 1831 2 (3,14) , (39,7)
1682 657 12 1850 0 
1687 658 81 1819 0 
1691 659 23 1704 0 
1691 660 9 1750 1 (1,2)
1693 661 21 1728 1 (19,2)
1697 662 87 1845 2 (13,20) , (29,1)
1700 663 28 1790 1 (12,9)
1702 664 91 1732 1 (45,7)
1702 665 46 1798 2 (8,6) , (24,1)
1703 666 97 1737 1 (62,3)
1708 667 96 1822 2 (3,10) , (42,10)
1708 668 9 1709 1 (6,5)
1708 669 65 1854 1 (62,2)
1709 670 40 1834 0 
1714 671 46 1843 2 (6,18) , (46,3)
1718 672 25 1725 0 
1723 673 84 1738 2 (6,21) , (65,3)
1728 674 28 1823 1 (24,8)
1730 675 32 1824 0 
1732 676 21 1867 1 (11,4)
1734 677 27 1901 0 
1737 678 37 1879 0 
1738 679 76 1889 1 (5,8)
1739 680 21 1828 0 
1743 681 23 1842 1 (23,9)
1748 682 10 1819 0 
1749 683 95 1809 1 (29,7)
1754 684 84 1814 2 (5,3) , (39,2)
1754 685 62 1907 0 
1758 686 56 1854 0 
1763 687 81 1929 2 (6,26) , (21,3)
1768 688 97 1860 2 (10,29) , (58,2)
1773 689 89 1794 1 (57,9)
1776 690 64 1921 0 
1780 691 19 1820 2 (3,28) , (4,3)
1782 692 32 1933 2 (7,22) , (33,2)
1782 693 86 1884 1 (33,7)
1786 694 26 1892 1 (20,2)
1787 695 56 1885 1 (36,7)
1790 696 73 1913 0 
1792 697 86 1849 1 (67,8)
1795 698 42 1919 1 (23,6)
1796 699 11 1802 0 
1799 700 8 1929 1 (2,5)
1801 701 95 1838 1 (6,7)
1801 702 58 1848 1 (14,3)
1802 703 13 1878 0 
1803 704 29 1804 2 (7,21) , (11,9)
1806 705 72 1889 0 
1806 706 81 1856 2 (15,13) , (15,6)
1806 707 97 1895 1 (15,4)
1810 708 20 1906 0 
1815 709 7 1889 2 (3,13) , (8,2)
1818 710 42 1960 1 (4,10)
1822 711 10 1997 2 (4,2) , (12,10)
1827 712 15 1946 0 
1828 713 72 1868 1 (56,8)
1831 714 28 1866 0 
1831 715 87 1974 0 
1836 716 21 1938 2 (4,28) , (13,2)
1838 717 69 2007 0 
1843 718 73 2039 1 (21,4)
1843 719 50 1845 0 
1843 720 44 1893 2 (4,22) , (24,6)
1846 721 98 2012 1 (98,2)
1849 722 97 2008 0 
1853 723 47 1861 2 (10,20) , (28,1)
1853 724 84 1939 1 (20,7)
1857 725 57 2028 2 (12,12) , (38,2)
1858 726 81 2003 0 
1858 727 8 2003 0 
1862 728 54 1938 2 (12,22) , (53,6)
1863 729 94 1978 0 
1864 730 72 1942 1 (45,1)
1865 731 50 2001 0 
1868 732 77 1903 1 (42,7)
1873 733 50 2013 0 
1873 734 59 1896 1 (36,2)
1875 735 7 1937 0 
1880 736 8 1894 2 (3,14) , (8,10)
1883 737 77 1989 0 
1885 738 21 1984 1 (2,2)
1889 739 85 1919 2 (17,22) , (82,1)
1893 740 74 2001 0 
1898 741 69 1899 2 (14,25) , (75,9)
1902 742 66 2009 0 
1904 743 52 1983 2 (8,29) , (31,5)
1905 744 58 1984 1 (4,2)
1905 745 60 1940 1 (3,8)
1905 746 16 2042 0 
1908 747 36 1920 1 (34,2)
1912 748 9 1954 2 (3,6) , (7,2)
1917 749 90 1935 0 
1920 750 44 1920 1 (39,4)
1920 751 42 1978 0 
1920 752 100 2030 1 (75,3)
1923 753 104 2004 0 
1924 754 31 2068 1 (3,9)
1927 755 25 2031 1 (9,4)
1927 756 93 2022 1 (15,6)
1932 757 95 1949 0 
1935 758 57 1976 1 (41,7)
1936 759 98 2007 1 (24,1)
1938 760 42 2045 1 (33,5)
1943 761 81 1950 2 (12,16) , (45,5)
1948 762 37 2028 2 (5,17) , (24,10)
1951 763 99 2025 1 (67,2)
1954 764 68 2103 1 (13,4)
1959 765 48 2117 2 (6,3) , (19,6)
1961 766 31 2021 2 (5,2) , (4,4)
1964 767 19 1967 0 
1969 768 24 2137 0 
1970 769 62 2084 0 
1971 770 74 2029 1 (54,2)
1974 771 27 2136 1 (24,8)
1976 772 33 2156 2 (7,24) , (10,9)
1978 773 9 1980 0 
1980 774 52 2027 0 
1985 775 57 2063 1 (40,1)
1985 776 82 2129 1 (8,4)
1986 777 28 2121 0 
1986 778 95 2128 2 (8,21) , (23,8)
1986 779 85 2135 0 
1989 780 60 1998 2 (3,26) , (15,10)
1991 781 86 1993 2 (11,30) , (72,5)
1991 782 22 2144 2 (4,5) , (11,7)
1994 783 59 2079 2 (10,26) , (38,4)
1994 784 19 2190 2 (5,26) , (19,6)
1995 785 64 2012 2 (14,25) , (61,5)
1999 786 48 2119 2 (11,20) , (31,9)
2003 787 37 2007 2 (3,21) , (24,8)
2003 788 61 2173 2 (11,13) , (46,7)
2003 789 63 2158 2 (12,14) , (17,4)
2005 790 33 2043 0 
2005 791 47 2029 1 (25,2)
2006 792 85 2022 2 (13,10) , (48,3)
2011 793 26 2186 2 (5,12) , (14,8)
2013 794 80 2125 2 (3,12) , (18,5)
2017 795 98 2137 2 (14,29) , (24,2)
2020 796 33 2136 0 
2020 797 31 2131 1 (17,9)
2021 798 80 2177 0 
2021 799 70 2145 0 
2023 800 25 2044 1 (8,1)
2028 801 80 2029 0 
2033 802 28 2207 1 (23,9)
2036 803 50 2079 0 
2037 804 104 2148 0 
2040 805 33 2074 1 (33,3)
2041 806 77 2157 1 (26,8)
2044 807 39 2159 2 (9,8) , (29,4)
2049 808 89 2123 2 (7,14) , (70,4)
2049 809 36 2126 0 
2051 810 42 2163 1 (40,10)
2052 811 80 2105 2 (14,26) , (84,6)
2053 812 99 2100 1 (87,10)
2053 813 5 2151 2 (3,30) , (2,9)
2056 814 71 2221 2 (12,27) , (57,6)
2060 815 72 2208 1 (19,8)
2060 816 79 2073 2 (13,30) , (52,4)
2065 817 16 2073 2 (5,6) , (15,1)
2067 818 7 2086 2 (3,18) , (4,7)
2067 819 79 2228 2 (12,21) , (67,1)
2070 820 64 2258 0 
2071 821 78 2158 0 
2074 822 68 2114 0 
2079 823 31 2153 1 (19,7)
2083 824 14 2150 2 (4,1) , (8,10)
2083 825 44 2241 0 
2085 826 103 2205 2 (12,14) , (49,5)
2087 827 92 2231 0 
2087 828 90 2240 2 (19,24) , (53,1)
2087 829 11 2224 2 (4,1) , (9,7)
2091 830 26 2148 1 (20,6)
2091 831 30 2226 0 
2094 832 49 2183 1 (43,1)
2099 833 19 2140 1 (8,7)
2101 834 103 2274 0 
2106 835 58 2278 1 (58,2)
2108 836 81 2187 0 
2111 837 8 2143 0 
2116 838 74 2174 2 (3,25) , (42,9)
2121 839 30 2242 1 (18,3)
2122 840 65 2298 0 
2127 841 42 2224 0 
2128 842 55 2193 1 (15,2)
2133 843 78 2307 1 (40,4)
2133 844 26 2306 2 (7,9) , (21,10)
2136 845 89 2244 2 (11,27) , (74,7)
2138 846 56 2211 1 (5,5)
2140 847 71 2254 0 
2140 848 47 2185 1 (17,6)
2144 849 28 2177 0 
2149 850 23 2202 2 (4,30) , (13,1)
2149 851 11 2293 2 (3,7) , (9,1)
2153 852 9 2344 1 (9,8)
2154 853 70 2327 1 (5,1)
2157 854 75 2169 1 (19,4)
2157 855 39 2246 2 (7,18) , (43,5)
2162 856 53 2201 1 (42,5)
2163 857 49 2168 0 
2167 858 99 2336 1 (84,9)
2172 859 31 2235 0 
2175 860 65 2294 1 (5,1)
2179 861 71 2215 2 (11,28) , (12,3)
2180 862 51 2252 1 (5,1)
2180 863 20 2299 2 (6,4) , (5,8)
2180 864 42 2230 2 (8,11) , (25,7)
2185 865 80 2283 2 (10,6) , (33,3)
2185 866 97 2375 0 
2189 867 94 2291 0 
2192 868 83 2326 1 (42,10)
2195 869 53 2271 0 
2195 870 84 2318 1 (25,2)
2200 871 83 2362 0 
2202 872 6 2337 0 
2203 873 45 2239 2 (3,10) , (23,2)
2207 874 60 2297 1 (42,10)
2208 875 59 2362 0 
2209 876 102 2353 2 (11,21) , (63,1)
2210 877 92 2354 1 (3,5)
2210 878 67 2391 2 (13,9) , (24,1)
2212 879 65 2381 1 (32,9)
2215 880 37 2402 2 (8,27) , (8,7)
2219 881 88 2269 1 (76,1)
2219 882 81 2286 2 (17,19) , (47,2)
2222 883 89 2224 0 
2226 884 8 2367 0 
2230 885 71 2385 2 (12,4) , (55,7)
2235 886 101 2298 1 (24,9)
2235 887 14 2263 2 (4,22) , (3,2)
2239 888 34 2362 2 (8,3) , (9,1)
2239 889 72 2378 1 (3,5)
2243 890 32 2364 0 
2245 891 38 2346 2 (8,3) , (39,2)
2247 892 37 2283 2 (6,25) , (6,10)
2251 893 33 2298 0 
2256 894 46 2352 1 (44,4)
2257 895 86 2390 1 (71,1)
2258 896 15 2440 2 (4,28) , (16,9)
2259 897 19 2295 1 (8,5)
2259 898 59 2326 1 (16,6)
2264 899 65 2288 1 (42,5)
2264 900 8 2324 2 (3,24) , (5,5)
2264 901 68 2354 1 (23,1)
2267 902 83 2292 1 (53,2)
2270 903 97 2277 2 (10,27) , (68,6)
2275 904 83 2433 1 (43,7)
2279 905 52 2359 1 (16,8)
2284 906 98 2439 1 (65,3)
2289 907 37 2428 2 (3,30) , (4,4)
2291 908 72 2472 0 
2294 909 43 2385 1 (42,6)
2295 910 103 2357 0 
2296 911 63 2338 1 (27,8)
2301 912 12 2476 0 
2306 913 69 2412 1 (27,8)
2311 914 53 2390 2 (7,17) , (29,10)
2314 915 101 2459 2 (6,25) , (30,5)
2316 916 56 2391 1 (33,5)
2319 917 10 2495 0 
2322 918 44 2417 1 (44,9)
2323 919 64 2342 2 (13,4) , (47,6)
2328 920 75 2354 0 
2331 921 48 2385 0 
2334 922 95 2393 0 
2339 923 74 2462 0 
2340 924 90 2392 1 (83,3)
2342 925 64 2430 0 
2347 926 39 2533 0 
2350 927 16 2369 0 
2351 928 100 2459 2 (16,16) , (68,6)
2354 929 97 2398 2 (18,11) , (81,8)
2355 930 100 2369 2 (13,9) , (21,10)
2357 931 51 2431 0 
2362 932 14 2485 1 (10,10)
2364 933 57 2561 1 (17,10)
2364 934 16 2486 1 (13,2)
2369 935 101 2387 0 
2369 936 9 2491 2 (3,12) , (4,2)
2370 937 51 2493 1 (41,8)
2371 938 94 2376 1 (47,6)
2376 939 66 2570 0 
2380 940 32 2487 0 
2380 941 52 2417 1 (47,4)
2383 942 89 2453 0 
2388 943 45 2427 0 
2390 944 104 2494 1 (59,6)
2395 945 57 2565 1 (8,10)
2397 946 68 2517 1 (1,1)
2397 947 99 2582 0 
2401 948 96 2411 2 (7,12) , (17,2)
2401 949 50 2553 2 (7,10) , (35,2)
2405 950 66 2523 0 
2407 951 64 2516 1 (9,1)
2407 952 65 2582 0 
2411 953 37 2453 1 (37,1)
2412 954 80 2514 0 
2414 955 57 2508 2 (10,3) , (39,9)
2416 956 28 2453 1 (5,10)
2420 957 17 2439 1 (15,9)
2422 958 28 2505 2 (3,28) , (27,4)
2423 959 84 2571 0 
2427 960 21 2607 0 
2428 961 5 2497 0 
2429 962 47 2530 1 (44,10)
2429 963 18 2453 1 (18,4)
2431 964 86 2592 0 
2434 965 62 2511 1 (39,5)
2434 966 35 2584 1 (19,1)
2439 967 94 2497 2 (14,13) , (103,4)
2444 968 19 2507 0 
2449 969 49 2624 0 
2454 970 88 2541 1 (65,7)
2456 971 54 2516 0 
2459 972 94 2498 1 (21,7)
2464 973 95 2660 2 (9,12) , (42,8)
2465 974 10 2635 0 
2466 975 64 2493 2 (8,6) , (29,7)
2467 976 93 2615 2 (5,29) , (11,4)
2467 977 21 2629 2 (5,23) , (13,3)
2470 978 17 2555 1 (10,1)
2471 979 86 2651 1 (41,9)
2475 980 24 2664 1 (12,4)
2478 981 54 2608 0 
2482 982 83 2505 2 (9,27) , (83,2)
2485 983 100 2528 0 
2485 984 65 2604 2 (3,26) , (14,6)
2486 985 23 2542 0 
2489 986 25 2589 2 (6,1) , (25,1)
2491 987 55 2504 1 (33,3)
2496 988 84 2580 1 (62,6)
2501 989 37 2522 1 (36,5)
2502 990 85 2601 2 (18,3) , (81,8)
2502 991 80 2592 1 (1,2)
2503 992 22 2602 0 
2506 993 16 2594 0 
2508 994 35 2525 1 (33,3)
2509 995 9 2660 0 
2510 996 88 2515 2 (4,26) , (66,3)
2511 997 5 2598 2 (3,2) , (2,2)
2515 998 79 2699 1 (66,7)
2515 999 33 2640 2 (8,22) , (26,9)
2518 1000 77 2596 1 (25,8)
2521 1001 29 2634 0 
2521 1002 51 2531 0 
2521 1003 70 2550 2 (6,20) , (27,2)
2525 1004 93 2610 2 (6,16) , (9,7)
2528 1005 51 2709 2 (3,16) , (18,3)
2533 1006 5 2720 0 
2536 1007 34 2706 2 (3,20) , (13,1)
2536 1008 8 2732 2 (3,8) , (9,8)
2540 1009 54 2709 1 (4,1)
2540 1010 8 2634 2 (3,22) , (3,10)
2540 1011 73 2593 2 (15,21) , (14,2)
2541 1012 80 2549 1 (6,10)
2541 1013 56 2546 1 (51,3)
2546 1014 48 2720 0 
2550 1015 36 2560 1 (9,4)
2551 1016 94 2552 2 (17,24) , (95,10)
2556 1017 79 2614 1 (8,5)
2558 1018 54 2659 0 
2558 1019 33 2569 1 (32,7)
2558 1020 88 2610 1 (10,3)
2558 1021 100 2603 2 (20,30) , (20,7)
2562 1022 98 2669 0 
2567 1023 103 2696 1 (31,7)
2571 1024 34 2658 1 (4,7)
2576 1025 78 2736 0 
2580 1026 13 2760 0 
2585 1027 65 2625 1 (61,5)
2589 1028 73 2623 1 (68,2)
2591 1029 25 2679 2 (4,19) , (14,9)
2594 1030 69 2706 2 (12,2) , (78,1)
2597 1031 66 2742 1 (21,9)
2597 1032 86 2668 2 (9,6) , (74,10)
2597 1033 81 2708 1 (69,4)
2601 1034 69 2793 2 (9,16) , (76,7)
2603 1035 37 2686 2 (4,27) , (25,1)
2607 1036 10 2691 1 (1,2)
2608 1037 31 2671 0 
2608 1038 20 2707 1 (20,1)
2613 1039 10 2791 1 (7,10)
2614 1040 20 2644 0 
2616 1041 84 2733 1 (31,6)
2620 1042 7 2658 2 (3,24) , (5,4)
2622 1043 19 2783 1 (8,4)
2627 1044 95 2807 1 (9,5)
2632 1045 20 2687 2 (6,2) , (16,3)
2634 1046 99 2646 0 
2638 1047 65 2695 2 (14,14) , (74,1)
2639 1048 92 2835 0 
2642 1049 83 2684 0 
2642 1050 52 2659 1 (36,9)
2642 1051 9 2819 2 (3,29) , (8,7)
2644 1052 82 2817 0 
2647 1053 44 2760 0 
2651 1054 83 2720 2 (3,5) , (65,8)
2652 1055 67 2660 1 (5,9)
2654 1056 24 2717 2 (4,20) , (21,3)
2658 1057 36 2677 0 
2659 1058 5 2721 0 
2663 1059 75 2693 0 
2664 1060 79 2791 0 
2665 1061 82 2719 2 (8,24) , (19,10)
2666 1062 81 2810 2 (14,6) , (13,3)
2670 1063 87 2857 2 (18,3) , (44,7)
2671 1064 56 2826 1 (43,7)
2675 1065 45 2777 0 
2678 1066 75 2792 1 (6,10)
2681 1067 44 2771 1 (19,3)
2683 1068 53 2740 1 (35,4)
2688 1069 90 2707 2 (17,12) , (79,3)
2691 1070 63 2774 0 
2692 1071 50 2698 2 (12,6) , (24,9)
2695 1072 38 2717 1 (25,3)
2700 1073 23 2749 0 
2700 1074 30 2736 0 
2702 1075 54 2809 1 (53,10)
2702 1076 88 2814 2 (10,3) , (38,6)
2707 1077 82 2872 0 
2709 1078 98 2864 1 (52,1)
2713 1079 78 2840 2 (13,3) , (17,3)
2714 1080 80 2904 0 
2718 1081 30 2890 2 (8,16) , (24,10)
2718 1082 79 2749 2 (12,6) , (46,10)
2722 1083 46 2762 1 (24,3)
2722 1084 69 2747 1 (13,10)
2722 1085 94 2730 2 (12,27) , (26,5)
2726 1086 27 2904 2 (4,8) , (25,9)
2729 1087 41 2906 2 (10,16) , (45,9)
2729 1088 35 2736 1 (4,2)
2731 1089 84 2857 0 
2731 1090 37 2850 1 (20,4)
2736 1091 88 2832 0 
2737 1092 15 2886 2 (4,23) , (8,5)
2738 1093 23 2783 0 
2739 1094 47 2860 2 (3,20) , (39,10)
2740 1095 93 2803 2 (19,19) , (19,4)
2741 1096 99 2845 0 
2744 1097 61 2911 0 
2744 1098 62 2787 2 (14,7) , (38,6)
2747 1099 70 2797 0 
2747 1100 86 2809 1 (26,3)
2747 1101 42 2926 2 (6,28) , (9,3)
2748 1102 99 2859 0 
2749 1103 53 2828 0 
2754 1104 52 2875 1 (8,8)
2756 1105 59 2941 1 (58,8)
2761 1106 86 2953 2 (9,21) , (14,1)
2762 1107 89 2851 2 (16,22) , (58,7)
2766 1108 27 2947 1 (17,10)
2766 1109 62 2897 0 
2767 1110 53 2894 2 (9,16) , (9,6)
2772 1111 57 2850 1 (57,2)
2773 1112 69 2962 0 
2773 1113 60 2821 2 (6,17) , (36,6)
2775 1114 102 2831 1 (17,3)
2778 1115 49 2789 2 (7,23) , (44,7)
2780 1116 34 2904 2 (7,10) , (14,9)
2782 1117 68 2785 2 (5,5) , (56,10)
2787 1118 86 2816 2 (10,24) , (88,7)
2791 1119 95 2812 2 (9,22) , (97,7)
2796 1120 18 2919 2 (4,13) , (7,4)
2798 1121 84 2838 1 (26,3)
2802 1122 54 2873 2 (10,13) , (59,2)
2807 1123 23 2991 1 (18,3)
2810 1124 13 2971 2 (4,13) , (4,1)
2815 1125 102 2827 2 (18,5) , (114,9)
2820 1126 8 2928 1 (7,1)
2821 1127 20 2960 0 
2822 1128 20 2936 2 (6,26) , (5,8)
2822 1129 64 2918 1 (27,8)
2825 1130 44 2963 1 (4,7)
2826 1131 11 2897 0 
2831 1132 18 2879 0 
2835 1133 62 2910 0 
2837 1134 64 2862 0 
2840 1135 72 2851 1 (67,2)
2844 1136 51 2910 0 
2847 1137 15 2996 0 
2852 1138 10 2946 0 
2852 1139 59 2878 2 (4,15) , (38,6)
2852 1140 49 2973 1 (35,3)
2856 1141 75 3009 0 
2860 1142 6 3059 1 (6,2)
2860 1143 11 2874 1 (8,7)
2865 1144 88 2958 2 (10,21) , (90,9)
2865 1145 8 3056 2 (3,2) , (5,8)
2867 1146 39 2989 2 (5,15) , (31,1)
2871 1147 78 2905 0 
2871 1148 60 3022 2 (10,7) , (55,6)
2875 1149 76 2995 0 
2876 1150 92 2918 1 (81,2)
2881 1151 96 2953 1 (63,6)
2882 1152 5 3000 2 (3,15) , (3,6)
2882 1153 11 3052 0 
2886 1154 86 3013 2 (5,8) , (51,4)
2886 1155 59 3045 0 
2889 1156 62 2934 2 (3,28) , (35,5)
2893 1157 55 3055 0 
2894 1158 9 2947 2 (3,19) , (5,5)
2897 1159 52 3055 1 (26,3)
2898 1160 41 2918 1 (38,5)
2903 1161 67 2938 1 (5,2)
2904 1162 15 2946 2 (5,3) , (8,10)
2904 1163 59 3072 1 (51,9)
2908 1164 58 3057 1 (2,7)
2908 1165 31 3082 0 
2913 1166 102 2930 1 (24,4)
2916 1167 70 3040 1 (22,10)
2916 1168 68 3052 2 (8,7) , (32,10)
2917 1169 56 3045 1 (11,9)
2919 1170 35 3114 2 (8,6) , (7,1)
2921 1171 62 2930 0 
2921 1172 67 3021 2 (15,5) , (26,8)
2921 1173 24 3044 1 (16,4)
2924 1174 38 3051 2 (8,15) , (40,10)
2926 1175 94 3063 2 (10,15) , (35,3)
2931 1176 20 3040 1 (9,7)
2934 1177 18 3112 0 
2935 1178 100 3119 1 (60,7)
2938 1179 9 2970 2 (3,10) , (5,3)
2941 1180 20 3086 2 (4,22) , (20,1)
2946 1181 75 3064 0 
2948 1182 16 3121 1 (15,5)
2950 1183 94 3007 0 
2952 1184 50 2957 1 (35,7)
2954 1185 82 3054 0 
2956 1186 5 2962 1 (5,6)
2958 1187 97 3010 0 
2962 1188 73 3009 0 
2966 1189 24 3032 0 
2968 1190 87 3088 1 (36,4)
2968 1191 94 3026 1 (61,7)
2968 1192 80 3071 2 (18,28) , (61,3)
2971 1193 17 3089 1 (12,4)
2971 1194 76 3095 0 
2971 1195 36 2982 0 
2974 1196 23 3069 2 (3,7) , (6,4)
2979 1197 14 2995 0 
2982 1198 79 3043 1 (74,2)
2985 1199 77 3008 0 
2985 1200 59 3116 2 (13,13) , (69,7)
2987 1201 23 3175 2 (4,10) , (8,8)
2987 1202 96 3132 2 (13,6) , (14,2)
2992 1203 79 3159 0 
2997 1204 101 3114 0 
3001 1205 34 3183 1 (24,4)
3001 1206 99 3074 0 
3006 1207 46 3087 1 (44,5)
3010 1208 45 3098 0 
3013 1209 49 3202 1 (49,10)
3017 1210 23 3193 1 (7,3)
3021 1211 102 3121 1 (14,7)
3026 1212 100 3155 1 (61,6)
3026 1213 13 3184 0 
3027 1214 6 3161 0 
3029 1215 54 3138 1 (50,7)
3034 1216 73 3165 1 (8,9)
3035 1217 18 3135 2 (3,23) , (19,2)
3035 1218 57 3207 0 
3039 1219 96 3210 1 (9,9)
3042 1220 96 3214 1 (65,9)
3047 1221 59 3103 2 (3,7) , (16,6)
3047 1222 86 3151 0 
3048 1223 32 3228 0 
3052 1224 16 3172 0 
3053 1225 90 3158 1 (49,4)
3057 1226 54 3141 1 (20,9)
3057 1227 12 3123 0 
3062 1228 99 3106 0 
3066 1229 18 3193 1 (13,1)
3066 1230 8 3231 0 
3068 1231 52 3210 2 (3,5) , (4,2)
3069 1232 10 3128 1 (4,10)
3074 1233 91 3160 2 (18,15) , (80,2)
3077 1234 75 3094 2 (12,5) , (64,4)
3079 1235 32 3152 2 (5,8) , (17,7)
3082 1236 88 3168 0 
3086 1237 36 3129 2 (3,28) , (8,9)
3088 1238 70 3156 2 (13,18) , (40,10)
3092 1239 72 3278 1 (20,9)
3097 1240 53 3131 1 (14,6)
3101 1241 62 3244 2 (4,29) , (19,9)
3106 1242 32 3162 2 (4,27) , (24,7)
3110 1243 86 3172 0 
3111 1244 39 3205 2 (9,17) , (42,8)
3114 1245 35 3139 0 
3118 1246 33 3150 0 
3123 1247 47 3297 1 (10,10)
3127 1248 90 3204 2 (3,7) , (78,4)
3130 1249 53 3326 2 (4,29) , (51,7)
3130 1250 88 3239 1 (59,3)
3133 1251 80 3332 2 (7,1) , (48,4)
3134 1252 90 3276 1 (64,6)
3135 1253 52 3262 1 (40,5)
3137 1254 36 3137 1 (20,1)
3142 1255 81 3216 1 (1,10)
3144 1256 99 3198 2 (6,6) , (103,5)
3149 1257 69 3315 1 (43,8)
3151 1258 97 3203 1 (52,2)
3153 1259 22 3270 0 
3155 1260 78 3323 2 (12,8) , (71,9)
3155 1261 95 3263 0 
3159 1262 44 3301 2 (9,3) , (40,5)
3160 1263 8 3173 2 (3,25) , (7,2)
3164 1264 38 3246 2 (8,19) , (14,4)
3164 1265 16 3317 1 (9,8)
3167 1266 76 3242 2 (15,18) , (77,7)
3172 1267 49 3225 0 
3174 1268 97 3224 0 
3176 1269 30 3219 0 
3181 1270 52 3350 1 (28,9)
3184 1271 36 3299 1 (30,7)
3188 1272 78 3226 2 (10,6) , (52,6)
3193 1273 8 3330 2 (3,19) , (5,9)
3198 1274 33 3368 1 (3,1)
3198 1275 8 3373 2 (3,21) , (8,1)
3198 1276 59 3309 2 (9,6) , (42,10)
3201 1277 38 3397 1 (26,5)
3204 1278 23 3207 1 (7,6)
3208 1279 49 3209 0 
3209 1280 56 3228 1 (3,4)
3211 1281 49 3225 0 
3216 1282 73 3373 1 (43,6)
3218 1283 40 3260 0 
3220 1284 48 3379 2 (3,13) , (31,8)
3224 1285 10 3262 2 (4,3) , (8,6)
3229 1286 99 3264 2 (15,21) , (89,4)
3231 1287 29 3301 2 (3,1) , (11,7)
3232 1288 28 3302 2 (7,23) , (26,10)
3237 1289 53 3329 1 (24,9)
3240 1290 15 3405 1 (10,5)
3243 1291 91 3406 2 (19,13) , (95,7)
3 1
7 2 
7 3  
10 4