4 3 1 5
10
4 13 117 40 16
1000
4 1 19 178 2 (5,13) , (10,5)
4 2 104 57 2 (11,29) , (39,6)
7 3 102 79 2 (13,15) , (93,9)
10 4 94 132 1 (8,7)
12 5 19 141 0 
12 6 24 56 1 (18,9)
16 7 102 64 2 (16,19) , (57,4)
20 8 47 138 0 
24 9 37 58 2 (6,4) , (16,4)
26 10 25 64 0 
28 11 39 48 0 
33 12 22 222 2 (6,20) , (22,6)
34 13 47 174 2 (7,30) , (14,9)
39 14 31 221 0 
43 15 76 175 0 
43 16 98 138 2 (11,15) , (98,4)
43 17 103 109 2 (15,11) , (116,10)
48 18 29 139 0 
49 19 61 49 1 (35,6)
54 20 7 161 0 
58 21 92 194 2 (3,4) , (53,2)
63 22 86 172 0 
67 23 38 85 0 
69 24 33 166 2 (3,3) , (22,3)
70 25 7 240 2 (3,7) , (4,2)
75 26 20 187 2 (6,22) , (17,9)
80 27 54 239 2 (10,21) , (54,1)
81 28 19 177 2 (4,3) , (18,5)
86 29 6 207 0 
87 30 66 129 0 
91 31 77 212 2 (14,22) , (26,10)
91 32 6 264 1 (2,1)
95 33 22 168 0 
98 34 15 294 0 
99 35 80 146 0 
100 36 102 200 1 (89,7)
105 37 67 116 1 (48,10)
107 38 75 233 2 (6,12) , (62,7)
108 39 10 262 0 
108 40 34 239 0 
113 41 30 193 0 
116 42 7 120 0 
121 43 19 275 2 (4,26) , (8,1)
126 44 21 159 1 (18,6)
129 45 20 168 1 (17,5)
131 46 25 263 2 (6,27) , (14,10)
134 47 68 198 1 (47,7)
136 48 74 237 0 
141 49 66 252 1 (56,4)
146 50 11 288 1 (10,9)
147 51 14 208 1 (10,3)
148 52 20 178 0 
150 53 63 254 0 
154 54 14 292 0 
155 55 67 209 2 (5,10) , (56,10)
158 56 6 273 0 
163 57 60 175 2 (4,15) , (43,6)
163 58 60 263 0 
164 59 31 232 2 (4,25) , (24,7)
166 60 67 197 1 (61,2)
171 61 14 298 0 
171 62 7 178 1 (2,2)
176 63 76 355 1 (26,2)
180 64 92 325 1 (65,2)
180 65 74 307 0 
180 66 54 338 2 (8,7) , (43,5)
184 67 99 277 2 (8,10) , (82,9)
189 68 44 266 1 (14,2)
193 69 83 390 0 
193 70 22 202 0 
194 71 104 382 2 (11,11) , (22,9)
194 72 82 195 2 (5,9) , (42,8)
197 73 46 240 1 (23,7)
202 74 21 401 2 (4,18) , (15,10)
206 75 67 222 2 (9,14) , (58,8)
210 76 78 334 0 
211 77 9 386 1 (9,8)
216 78 59 405 0 
221 79 8 380 2 (3,9) , (6,5)
225 80 26 259 1 (19,4)
230 81 79 422 1 (48,4)
230 82 65 263 1 (53,5)
232 83 68 249 0 
234 84 19 415 1 (1,9)
234 85 76 312 2 (12,20) , (57,4)
237 86 17 359 1 (4,10)
238 87 47 238 2 (10,20) , (18,4)
241 88 77 336 0 
243 89 88 282 1 (11,4)
245 90 38 326 1 (36,6)
249 91 9 342 0 
253 92 95 411 2 (9,23) , (14,5)
254 93 40 453 1 (39,10)
255 94 15 329 1 (4,1)
257 95 58 323 1 (23,1)
260 96 67 318 2 (5,8) , (43,8)
261 97 69 313 1 (27,6)
264 98 101 284 1 (7,5)
268 99 51 390 1 (7,1)
272 100 12 448 0 
272 101 8 382 0 
277 102 69 317 2 (3,17) , (56,8)
281 103 54 366 0 
284 104 35 438 2 (7,16) , (13,10)
287 105 54 439 0 
291 106 14 320 1 (13,10)
293 107 29 318 0 
297 108 66 477 1 (42,10)
298 109 7 495 1 (7,5)
303 110 78 356 0 
307 111 22 373 0 
312 112 43 352 0 
312 113 63 469 2 (14,10) , (46,5)
314 114 60 439 1 (34,7)
317 115 93 373 0 
317 116 52 354 2 (9,13) , (28,9)
319 117 42 500 0 
319 118 16 484 1 (6,4)
320 119 10 434 0 
322 120 90 401 2 (19,3) , (63,1)
326 121 58 507 1 (36,8)
328 122 61 433 2 (7,1) , (40,6)
328 123 23 472 2 (3,18) , (6,3)
333 124 102 337 1 (91,5)
337 125 18 417 0 
338 126 89 465 0 
338 127 55 491 2 (6,3) , (27,1)
339 128 17 350 0 
342 129 52 385 1 (42,5)
347 130 17 511 1 (12,6)
351 131 28 424 1 (8,9)
352 132 35 430 1 (27,1)
354 133 98 478 0 
355 134 5 497 2 (3,3) , (2,4)
357 135 91 534 1 (85,1)
361 136 92 542 0 
362 137 84 532 1 (76,1)
366 138 57 538 0 
367 139 28 562 1 (14,7)
372 140 19 477 0 
374 141 100 404 2 (9,12) , (106,5)
379 142 9 412 2 (3,11) , (6,8)
379 143 68 533 1 (39,6)
379 144 87 402 2 (14,25) , (61,2)
379 145 34 489 1 (14,7)
383 146 104 384 0 
386 147 10 509 1 (7,9)
386 148 95 438 2 (10,28) , (93,8)
390 149 26 439 1 (21,5)
390 150 25 484 2 (7,17) , (21,8)
392 151 92 549 0 
396 152 6 407 0 
397 153 23 575 1 (23,9)
401 154 95 401 1 (7,1)
403 155 10 565 2 (3,8) , (5,9)
403 156 15 484 0 
403 157 95 565 2 (19,25) , (110,4)
408 158 43 493 1 (22,5)
410 159 43 554 1 (22,10)
411 160 34 529 2 (3,17) , (15,10)
414 161 104 497 0 
418 162 68 458 1 (41,2)
420 163 5 558 2 (3,28) , (5,4)
424 164 95 592 1 (95,10)
429 165 61 450 2 (8,7) , (13,7)
430 166 47 494 2 (10,19) , (33,4)
434 167 34 562 2 (6,29) , (12,6)
434 168 46 490 2 (6,16) , (7,3)
437 169 88 586 0 
438 170 63 618 1 (45,2)
439 171 6 623 2 (3,10) , (6,3)
444 172 101 587 1 (55,10)
446 173 37 549 1 (8,7)
446 174 64 563 1 (57,3)
449 175 34 598 1 (26,3)
451 176 45 540 1 (36,3)
454 177 16 589 1 (4,2)
458 178 78 636 1 (66,2)
463 179 69 493 2 (6,1) , (53,6)
466 180 69 527 0 
470 181 34 614 2 (3,28) , (18,1)
472 182 64 524 0 
474 183 46 486 1 (43,10)
477 184 85 629 2 (4,28) , (36,10)
482 185 72 489 2 (9,18) , (36,9)
487 186 17 671 0 
488 187 76 640 0 
493 188 39 629 2 (5,17) , (31,1)
493 189 64 648 0 
494 190 48 509 2 (6,1) , (43,9)
499 191 5 681 1 (2,5)
504 192 37 570 0 
506 193 86 682 0 
508 194 102 655 1 (80,6)
508 195 35 595 0 
513 196 87 667 0 
514 197 15 634 2 (4,5) , (14,3)
516 198 97 550 1 (9,1)
520 199 92 718 1 (23,3)
523 200 76 601 0 
526 201 6 546 0 
530 202 95 574 0 
530 203 15 583 1 (5,1)
535 204 68 549 2 (7,14) , (15,1)
538 205 89 589 2 (13,12) , (50,10)
543 206 57 733 1 (41,8)
545 207 23 564 1 (20,6)
546 208 75 714 2 (14,17) , (33,4)
548 209 83 561 0 
550 210 61 748 2 (10,24) , (17,8)
555 211 82 735 2 (17,1) , (95,5)
558 212 64 650 1 (32,10)
559 213 11 744 0 
560 214 53 631 0 
564 215 27 636 0 
569 216 42 754 0 
570 217 85 650 0 
575 218 73 739 2 (12,19) , (23,5)
580 219 17 727 0 
580 220 89 717 2 (11,22) , (20,7)
583 221 97 719 0 
585 222 35 667 0 
586 223 43 652 1 (7,5)
587 224 84 653 0 
588 225 29 680 2 (5,8) , (4,1)
592 226 52 613 2 (5,18) , (22,3)
595 227 71 759 1 (56,6)
599 228 16 759 0 
602 229 52 628 1 (9,6)
604 230 96 639 2 (12,30) , (56,5)
609 231 42 668 0 
610 232 25 776 2 (4,27) , (12,9)
615 233 101 758 1 (35,1)
615 234 26 649 1 (6,10)
617 235 38 653 2 (4,11) , (23,5)
618 236 62 695 0 
620 237 34 783 1 (17,10)
620 238 49 800 1 (12,6)
623 239 12 758 2 (3,15) , (2,2)
628 240 84 803 0 
631 241 36 744 2 (6,12) , (12,6)
636 242 10 756 1 (7,4)
637 243 54 700 0 
641 244 64 768 1 (23,10)
644 245 25 661 0 
646 246 85 731 2 (15,14) , (49,9)
646 247 65 675 2 (7,14) , (29,9)
650 248 74 719 0 
654 249 45 698 0 
658 250 27 775 2 (5,21) , (4,9)
662 251 89 738 0 
666 252 81 860 0 
670 253 20 761 0 
670 254 20 733 0 
673 255 17 705 0 
673 256 11 711 1 (9,8)
678 257 10 725 2 (4,17) , (10,7)
680 258 49 723 2 (9,13) , (49,5)
684 259 24 718 0 
684 260 43 726 2 (5,30) , (5,1)
688 261 100 727 2 (19,27) , (24,6)
690 262 73 867 2 (10,3) , (15,8)
694 263 35 852 0 
698 264 20 878 1 (4,3)
698 265 93 859 1 (22,8)
701 266 17 883 1 (1,7)
706 267 95 828 0 
707 268 66 858 0 
712 269 47 849 2 (11,16) , (44,1)
716 270 102 826 1 (5,4)
721 271 48 721 2 (8,6) , (47,5)
724 272 88 869 1 (45,7)
725 273 100 812 0 
728 274 100 825 1 (50,1)
731 275 78 736 2 (17,13) , (75,8)
736 276 91 827 1 (44,2)
740 277 19 902 1 (11,10)
744 278 32 878 0 
744 279 87 942 1 (64,2)
744 280 45 871 1 (17,3)
749 281 84 801 2 (8,14) , (59,6)
750 282 99 854 1 (38,1)
750 283 95 751 1 (6,7)
754 284 102 755 1 (36,8)
754 285 76 864 1 (2,9)
754 286 99 841 2 (5,25) , (43,10)
756 287 87 801 0 
761 288 47 824 0 
762 289 45 919 1 (14,1)
765 290 22 849 1 (15,7)
766 291 22 936 1 (4,3)
771 292 19 885 0 
774 293 70 780 2 (5,2) , (57,3)
779 294 74 861 2 (10,9) , (65,8)
780 295 67 869 1 (7,5)
783 296 25 918 1 (8,4)
784 297 28 958 0 
784 298 102 801 1 (71,6)
789 299 26 825 2 (5,13) , (7,8)
793 300 46 859 2 (9,13) , (37,8)
797 301 47 982 0 
800 302 14 960 2 (3,21) , (5,3)
801 303 35 819 2 (9,11) , (28,10)
806 304 8 844 1 (1,1)
806 305 103 917 2 (11,19) , (46,1)
807 306 89 881 1 (14,3)
811 307 21 814 2 (3,24) , (11,1)
813 308 80 824 0 
814 309 88 860 2 (16,9) , (63,5)
818 310 43 890 0 
822 311 75 824 0 
826 312 28 869 0 
831 313 101 938 0 
833 314 16 933 0 
837 315 19 920 1 (5,3)
839 316 88 909 1 (12,9)
840 317 71 936 1 (15,3)
840 318 58 954 2 (8,21) , (56,3)
844 319 59 856 0 
845 320 29 973 2 (5,1) , (32,4)
845 321 75 934 1 (66,2)
846 322 102 997 2 (9,30) , (18,2)
850 323 97 950 2 (10,27) , (42,7)
850 324 92 1015 1 (37,6)
855 325 98 1053 2 (5,4) , (45,6)
859 326 90 891 2 (3,22) , (29,1)
863 327 97 1038 2 (3,25) , (35,6)
863 328 8 867 2 (3,17) , (2,6)
868 329 74 877 2 (9,20) , (39,2)
868 330 41 1042 0 
870 331 33 1038 2 (3,10) , (27,9)
874 332 55 942 2 (4,12) , (55,6)
878 333 18 926 1 (18,3)
882 334 68 1070 0 
884 335 93 947 1 (7,2)
886 336 85 917 2 (5,19) , (42,9)
890 337 91 962 2 (3,29) , (92,7)
893 338 86 1030 2 (4,15) , (52,1)
895 339 46 1069 0 
895 340 101 1094 1 (4,1)
899 341 18 903 1 (9,7)
901 342 31 984 0 
902 343 69 1028 2 (13,23) , (48,1)
906 344 10 960 1 (7,8)
907 345 49 1083 2 (9,24) , (22,8)
911 346 35 942 1 (19,6)
916 347 25 951 2 (4,26) , (16,8)
921 348 18 1034 0 
923 349 92 936 0 
924 350 66 1061 1 (18,10)
928 351 40 1058 2 (8,27) , (37,8)
932 352 28 946 2 (5,23) , (27,10)
932 353 40 984 2 (5,16) , (21,3)
935 354 28 957 2 (4,20) , (11,5)
935 355 58 981 1 (41,1)
939 356 81 978 0 
944 357 61 999 2 (5,20) , (26,3)
944 358 103 1026 0 
946 359 63 1083 1 (34,6)
949 360 34 1091 1 (1,10)
949 361 35 1101 2 (8,11) , (13,2)
953 362 81 1090 1 (81,9)
956 363 97 1122 1 (57,8)
958 364 68 1101 2 (9,19) , (34,2)
962 365 50 1087 1 (44,4)
962 366 39 1042 0 
963 367 99 999 1 (61,9)
966 368 70 1163 2 (5,12) , (55,5)
969 369 55 1019 1 (31,2)
969 370 36 1090 2 (7,15) , (10,1)
970 371 90 1124 2 (8,6) , (18,8)
971 372 23 1051 2 (5,28) , (17,7)
971 373 85 1061 1 (67,4)
973 374 44 1038 2 (5,5) , (41,9)
976 375 48 1067 1 (1,7)
977 376 66 977 1 (53,1)
980 377 85 1030 1 (47,8)
981 378 94 1054 0 
982 379 29 1068 2 (5,21) , (11,3)
984 380 50 1149 0 
987 381 33 1158 2 (6,13) , (14,3)
988 382 12 1086 2 (4,11) , (7,6)
988 383 26 1045 2 (7,5) , (20,7)
989 384 33 1058 1 (30,4)
992 385 58 1006 0 
994 386 52 1071 2 (5,22) , (14,9)
996 387 76 999 0 
997 388 19 1107 1 (4,9)
1000 389 34 1132 2 (6,18) , (23,6)
1002 390 64 1154 2 (5,13) , (26,2)
1003 391 40 1064 1 (10,6)
1003 392 27 1020 1 (22,5)
1004 393 57 1015 0 
1009 394 48 1156 2 (8,17) , (24,1)
1011 395 89 1091 0 
1011 396 94 1202 2 (14,26) , (37,6)
1012 397 63 1114 2 (4,10) , (11,3)
1016 398 53 1021 1 (40,5)
1018 399 73 1031 0 
1020 400 35 1083 2 (5,19) , (34,6)
1020 401 62 1146 0 
1021 402 61 1087 0 
1025 403 41 1189 0 
1028 404 6 1029 1 (2,2)
1032 405 6 1162 2 (3,12) , (2,5)
1032 406 32 1129 0 
1036 407 58 1113 1 (55,6)
1041 408 43 1132 1 (10,6)
1046 409 77 1132 1 (58,3)
1046 410 104 1086 1 (99,5)
1048 411 64 1156 1 (38,8)
1050 412 46 1213 1 (45,6)
1051 413 50 1101 2 (12,21) , (38,8)
1055 414 71 1075 2 (15,2) , (46,4)
1055 415 39 1230 2 (6,27) , (29,3)
1060 416 91 1243 0 
1065 417 102 1071 0 
1068 418 27 1137 0 
1072 419 89 1263 1 (1,4)
1074 420 78 1079 2 (4,12) , (19,3)
1074 421 35 1241 1 (29,6)
1074 422 46 1264 2 (5,4) , (36,10)
1076 423 80 1238 0 
1076 424 101 1100 0 
1078 425 12 1185 1 (7,10)
1081 426 47 1153 1 (15,8)
1081 427 84 1182 2 (16,12) , (87,6)
1086 428 58 1264 2 (4,22) , (45,10)
1087 429 79 1246 2 (7,21) , (70,8)
1087 430 10 1283 2 (3,27) , (9,1)
1087 431 88 1178 0 
1089 432 45 1107 1 (8,7)
1091 433 82 1280 1 (19,3)
1096 434 10 1189 1 (6,8)
1101 435 29 1142 0 
1106 436 31 1255 1 (28,8)
1109 437 10 1224 0 
1113 438 25 1224 2 (4,24) , (24,6)
1117 439 68 1199 1 (8,9)
1120 440 35 1129 2 (8,23) , (26,7)
1124 441 59 1283 2 (3,25) , (21,1)
1125 442 90 1240 0 
1127 443 90 1264 1 (4,7)
1128 444 13 1253 2 (3,27) , (3,6)
1129 445 31 1302 0 
1129 446 5 1288 0 
1131 447 11 1135 0 
1136 448 26 1307 2 (3,21) , (4,1)
1137 449 58 1320 0 
1142 450 74 1183 0 
1146 451 68 1192 1 (29,1)
1150 452 36 1212 1 (15,9)
1151 453 101 1311 2 (22,13) , (36,7)
1152 454 13 1228 0 
1156 455 22 1254 1 (6,8)
1161 456 102 1289 0 
1161 457 44 1215 2 (9,26) , (43,2)
1163 458 67 1181 2 (3,8) , (59,7)
1166 459 39 1216 1 (3,2)
1171 460 55 1332 0 
1172 461 27 1275 1 (24,9)
1177 462 15 1300 1 (10,4)
1178 463 37 1241 2 (7,11) , (38,8)
1179 464 48 1349 0 
1184 465 62 1187 2 (14,15) , (48,3)
1189 466 95 1253 2 (14,7) , (48,2)
1192 467 83 1223 2 (14,20) , (47,3)
1196 468 26 1291 1 (24,6)
1199 469 62 1283 2 (4,27) , (41,1)
1204 470 63 1356 2 (6,30) , (27,6)
1206 471 17 1292 2 (5,9) , (8,3)
1209 472 97 1229 2 (18,20) , (28,8)
1210 473 54 1394 0 
1212 474 81 1229 2 (5,26) , (9,1)
1217 475 48 1301 2 (6,6) , (34,6)
1220 476 96 1331 0 
1222 477 84 1367 2 (13,28) , (85,6)
1226 478 59 1300 1 (36,7)
1228 479 83 1248 1 (46,9)
1229 480 69 1392 0 
1230 481 28 1308 2 (5,7) , (16,2)
1235 482 51 1406 1 (51,8)
1236 483 72 1379 0 
1236 484 41 1319 0 
1239 485 90 1369 2 (17,18) , (67,9)
1242 486 45 1426 1 (38,10)
1244 487 59 1287 2 (13,25) , (26,3)
1248 488 15 1264 2 (4,5) , (8,1)
1250 489 81 1338 0 
1250 490 59 1295 0 
1252 491 20 1309 2 (5,14) , (18,6)
1253 492 63 1434 0 
1257 493 14 1304 0 
1258 494 71 1378 1 (70,1)
1263 495 19 1363 0 
1264 496 80 1292 0 
1269 497 31 1429 0 
1271 498 90 1338 1 (47,7)
1276 499 32 1443 0 
1280 500 87 1465 2 (16,10) , (21,2)
1280 501 101 1460 1 (97,2)
1280 502 99 1303 1 (80,4)
1282 503 25 1338 0 
1282 504 26 1460 1 (22,6)
1287 505 57 1486 0 
1292 506 29 1474 1 (12,3)
1296 507 91 1386 2 (5,20) , (13,10)
1298 508 8 1376 1 (3,10)
1301 509 74 1365 0 
1305 510 18 1375 2 (3,30) , (3,2)
1308 511 13 1435 1 (10,10)
1312 512 65 1375 2 (8,15) , (38,7)
1313 513 88 1460 0 
1318 514 27 1445 1 (2,1)
1318 515 53 1390 0 
1322 516 44 1453 1 (24,3)
1326 517 104 1364 0 
1326 518 56 1377 1 (11,4)
1330 519 11 1504 1 (7,7)
1330 520 63 1458 2 (14,9) , (73,8)
1331 521 64 1419 1 (3,2)
1336 522 19 1395 0 
1337 523 95 1466 1 (50,7)
1337 524 23 1357 0 
1337 525 47 1369 1 (33,8)
1340 526 96 1384 0 
1342 527 5 1484 0 
1343 528 6 1376 2 (3,1) , (7,8)
1343 529 48 1460 1 (26,1)
1347 530 40 1396 0 
1348 531 93 1541 2 (8,23) , (54,8)
1352 532 92 1483 1 (32,6)
1353 533 61 1514 1 (29,2)
1358 534 60 1402 1 (44,8)
1362 535 93 1445 1 (6,5)
1362 536 18 1508 1 (3,9)
1364 537 46 1559 0 
1367 538 56 1410 0 
1369 539 24 1435 2 (4,11) , (21,8)
1372 540 46 1560 2 (8,4) , (11,4)
1373 541 50 1375 1 (14,9)
1374 542 20 1485 1 (13,4)
1378 543 21 1401 0 
1382 544 18 1545 1 (14,2)
1387 545 12 1531 2 (3,16) , (8,4)
1387 546 63 1501 0 
1391 547 95 1567 1 (60,2)
1395 548 51 1543 2 (7,24) , (51,4)
1398 549 93 1402 1 (59,1)
1399 550 5 1540 1 (1,7)
1402 551 101 1507 0 
1402 552 17 1529 1 (12,4)
1404 553 80 1407 0 
1406 554 81 1411 0 
1407 555 7 1519 0 
1409 556 56 1447 0 
1412 557 98 1568 0 
1414 558 64 1612 1 (13,5)
1416 559 6 1528 2 (3,25) , (4,1)
1418 560 52 1433 1 (14,3)
1423 561 67 1522 2 (5,24) , (38,2)
1426 562 62 1551 0 
1431 563 41 1578 0 
1436 564 70 1604 1 (1,6)
1437 565 62 1630 2 (10,21) , (29,4)
1438 566 56 1511 2 (13,6) , (40,5)
1439 567 10 1455 0 
1440 568 64 1567 2 (14,24) , (55,8)
1440 569 92 1545 2 (18,9) , (105,1)
1442 570 8 1566 0 
1443 571 19 1458 1 (8,2)
1445 572 34 1478 2 (8,29) , (27,5)
1450 573 65 1564 0 
1453 574 95 1621 1 (3,4)
1457 575 53 1578 0 
1459 576 79 1576 1 (28,8)
1459 577 48 1583 2 (4,15) , (12,4)
1460 578 85 1601 1 (35,3)
1462 579 81 1652 0 
1462 580 20 1609 0 
1464 581 78 1587 0 
1467 582 23 1655 2 (4,3) , (12,9)
1468 583 94 1565 0 
1470 584 34 1619 0 
1473 585 46 1480 2 (8,1) , (45,8)
1473 586 28 1605 0 
1474 587 67 1656 0 
1474 588 85 1643 0 
1478 589 47 1563 0 
1478 590 103 1485 1 (6,8)
1480 591 34 1482 2 (4,26) , (17,7)
1483 592 18 1677 1 (5,4)
1484 593 86 1488 0 
1486 594 57 1619 2 (12,4) , (29,6)
1491 595 104 1512 2 (7,15) , (47,8)
1494 596 56 1535 2 (12,3) , (44,5)
1498 597 56 1548 1 (41,5)
1498 598 42 1607 0 
1502 599 35 1506 1 (35,10)
1506 600 89 1566 1 (83,8)
1510 601 49 1557 1 (22,1)
1510 602 9 1648 1 (5,10)
1512 603 91 1630 2 (4,12) , (52,9)
1517 604 101 1646 0 
1522 605 52 1598 0 
1527 606 17 1582 2 (4,29) , (5,10)
1529 607 39 1680 0 
1534 608 52 1599 1 (43,2)
1537 609 38 1645 1 (26,9)
1542 610 88 1735 1 (75,7)
1545 611 38 1667 0 
1550 612 102 1671 2 (7,7) , (68,5)
1555 613 41 1564 0 
1556 614 18 1589 1 (12,8)
1560 615 65 1610 2 (3,25) , (35,2)
1564 616 23 1735 0 
1567 617 86 1672 1 (70,8)
1571 618 82 1752 0 
1573 619 26 1588 2 (5,29) , (27,8)
1578 620 18 1775 2 (5,17) , (15,3)
1579 621 71 1692 1 (25,8)
1583 622 14 1601 2 (4,20) , (9,7)
1583 623 52 1720 2 (7,24) , (7,6)
1584 624 34 1713 0 
1587 625 99 1639 0 
1591 626 47 1745 0 
1593 627 88 1771 0 
1598 628 20 1678 0 
1598 629 89 1794 0 
1598 630 77 1688 1 (1,3)
1599 631 42 1696 1 (33,2)
1604 632 33 1794 1 (27,7)
1604 633 61 1635 2 (9,7) , (10,6)
1605 634 71 1701 0 
1607 635 81 1793 0 
1610 636 45 1763 2 (4,21) , (36,1)
1615 637 99 1628 2 (9,6) , (48,8)
1618 638 83 1625 0 
1619 639 24 1717 2 (6,5) , (6,2)
1619 640 22 1676 0 
1621 641 68 1627 0 
1622 642 15 1751 0 
1625 643 88 1625 1 (13,10)
1629 644 92 1668 1 (48,8)
1632 645 83 1669 1 (4,3)
1636 646 92 1746 0 
1641 647 34 1730 1 (22,10)
1644 648 101 1711 1 (36,1)
1645 649 36 1829 1 (13,9)
1645 650 102 1840 1 (66,4)
1645 651 16 1839 1 (14,1)
1647 652 36 1822 0 
1648 653 40 1735 0 
1652 654 87 1654 1 (45,6)
1655 655 27 1689 1 (18,1)
1658 656 16 1728 0 
1659 657 61 1680 1 (6,7)
1660 658 5 1856 1 (1,7)
1661 659 9 1800 0 
1664 660 21 1678 2 (5,25) , (4,4)
1664 661 8 1855 2 (3,26) , (6,7)
1669 662 43 1726 1 (17,7)
1669 663 84 1719 1 (32,2)
1674 664 28 1848 2 (5,26) , (26,7)
1679 665 104 1740 1 (98,2)
1680 666 11 1822 0 
1680 667 9 1789 2 (3,20) , (6,5)
1680 668 95 1875 0 
1682 669 21 1812 1 (20,6)
1683 670 23 1837 0 
1685 671 13 1757 2 (4,23) , (3,7)
1689 672 10 1741 1 (4,10)
1690 673 9 1744 0 
1690 674 37 1767 2 (5,20) , (22,10)
1690 675 67 1709 2 (9,4) , (35,2)
1692 676 46 1843 1 (26,10)
1692 677 91 1801 0 
1693 678 66 1816 1 (14,9)
1696 679 78 1721 0 
1700 680 32 1777 1 (23,9)
1704 681 61 1873 1 (22,9)
1707 682 66 1723 2 (6,21) , (33,3)
1709 683 69 1798 1 (50,7)
1709 684 49 1770 1 (28,3)
1712 685 68 1901 0 
1713 686 37 1814 0 
1717 687 65 1830 1 (37,4)
1717 688 81 1733 0 
1717 689 26 1799 2 (7,19) , (18,1)
1718 690 63 1886 0 
1722 691 104 1861 1 (53,1)
1722 692 40 1906 0 
1723 693 94 1732 1 (85,6)
1726 694 61 1769 1 (58,1)
1728 695 82 1842 0 
1732 696 103 1846 1 (16,8)
1733 697 6 1801 1 (3,3)
1738 698 104 1906 0 
1742 699 98 1839 0 
1745 700 86 1903 0 
1746 701 94 1919 1 (71,8)
1746 702 76 1765 1 (55,1)
1748 703 9 1788 0 
1749 704 55 1813 0 
1752 705 42 1755 1 (39,5)
1752 706 13 1891 2 (3,22) , (10,2)
1754 707 79 1915 1 (1,9)
1756 708 17 1955 1 (16,3)
1760 709 101 1901 2 (7,9) , (41,1)
1761 710 7 1828 2 (3,11) , (4,8)
1764 711 70 1813 0 
1767 712 45 1783 2 (7,4) , (32,8)
1771 713 58 1937 2 (7,15) , (15,10)
1772 714 54 1797 0 
1776 715 75 1788 1 (18,5)
1780 716 92 1942 1 (66,9)
1783 717 13 1905 1 (12,9)
1786 718 102 1849 2 (20,25) , (19,7)
1788 719 72 1870 0 
1788 720 99 1882 2 (17,14) , (106,2)
1792 721 11 1957 0 
1793 722 104 1983 1 (80,1)
1798 723 67 1818 2 (12,4) , (48,10)
1799 724 15 1900 2 (4,15) , (9,6)
1803 725 62 1863 1 (17,4)
1803 726 50 1937 2 (7,12) , (24,7)
1806 727 89 1883 0 
1807 728 91 1899 2 (18,22) , (87,6)
1808 729 5 1884 1 (3,2)
1813 730 5 1984 0 
1815 731 55 1879 1 (1,5)
1819 732 100 1820 1 (63,7)
1821 733 96 2000 1 (75,4)
1822 734 102 2021 2 (19,4) , (63,5)
1822 735 24 1827 0 
1826 736 84 1866 1 (31,3)
1826 737 68 1971 1 (68,5)
1828 738 87 1963 1 (37,7)
1830 739 83 1848 1 (79,7)
1831 740 99 1897 2 (5,15) , (74,3)
1835 741 18 1908 2 (4,7) , (16,5)
1836 742 68 1885 0 
1836 743 57 1976 0 
1841 744 80 2015 2 (16,27) , (62,4)
1843 745 51 2035 1 (31,5)
1846 746 70 1960 2 (9,16) , (70,5)
1848 747 28 1899 2 (6,25) , (7,9)
1849 748 99 1956 2 (11,3) , (100,1)
1854 749 48 2012 1 (38,7)
1854 750 8 2015 2 (3,9) , (7,6)
1857 751 36 1895 0 
1858 752 86 1870 1 (54,2)
1858 753 10 2035 0 
1860 754 19 1888 1 (2,1)
1863 755 15 1976 1 (10,9)
1864 756 10 1929 0 
1865 757 41 1894 1 (14,6)
1869 758 21 1964 0 
1870 759 41 1873 2 (3,10) , (22,5)
1872 760 20 2019 1 (8,5)
1874 761 72 1906 0 
1877 762 65 1912 1 (14,7)
1880 763 92 1958 1 (55,7)
1882 764 15 1888 0 
1884 765 56 2052 2 (7,14) , (55,3)
1889 766 98 2021 0 
1893 767 100 1952 0 
1898 768 26 1964 0 
1898 769 97 2044 1 (32,6)
1898 770 53 1959 1 (45,3)
1900 771 47 1972 0 
1903 772 90 1935 1 (83,4)
1904 773 97 2079 1 (1,3)
1908 774 28 2066 0 
1909 775 54 1911 1 (44,10)
1914 776 41 2002 0 
1917 777 84 1928 0 
1921 778 73 1939 2 (6,7) , (20,7)
1923 779 27 2114 2 (4,28) , (14,2)
1924 780 61 2047 0 
1925 781 101 1946 1 (37,10)
1930 782 66 1980 0 
1932 783 16 1958 2 (3,2) , (17,5)
1937 784 35 1962 2 (5,14) , (38,3)
1937 785 71 2123 0 
1942 786 11 2111 0 
1943 787 59 1957 1 (55,3)
1945 788 17 2063 2 (5,15) , (14,2)
1946 789 69 2125 1 (27,4)
1950 790 78 2024 0 
1955 791 40 2014 1 (24,1)
1957 792 38 2127 1 (29,4)
1958 793 56 2100 2 (5,21) , (58,1)
1962 794 93 2038 1 (40,8)
1962 795 45 2156 0 
1963 796 72 2014 0 
1964 797 52 2038 2 (12,16) , (53,6)
1965 798 18 2034 1 (11,1)
1966 799 31 2135 1 (4,3)
1971 800 46 2080 2 (11,26) , (24,2)
1975 801 65 2143 2 (13,26) , (65,7)
1977 802 65 2121 2 (13,8) , (64,6)
1980 803 80 2122 0 
1984 804 47 2055 2 (5,4) , (19,2)
1989 805 59 2134 2 (7,16) , (40,7)
1994 806 6 2062 1 (1,3)
1998 807 35 2069 2 (4,5) , (24,4)
2002 808 62 2018 1 (35,3)
2005 809 45 2027 0 
2009 810 66 2125 2 (9,13) , (69,5)
2014 811 15 2121 0 
2019 812 12 2041 1 (6,6)
2022 813 16 2096 2 (4,5) , (8,2)
2026 814 82 2146 1 (51,1)
2027 815 42 2160 0 
2029 816 57 2227 0 
2032 817 42 2218 0 
2037 818 83 2099 1 (15,1)
2038 819 71 2046 0 
2041 820 84 2123 0 
2044 821 15 2093 2 (3,15) , (2,3)
2044 822 88 2165 2 (7,19) , (23,3)
2049 823 102 2096 0 
2049 824 95 2195 0 
2049 825 8 2202 2 (3,25) , (9,9)
2054 826 61 2214 0 
2055 827 18 2105 0 
2055 828 35 2166 2 (9,13) , (39,3)
2055 829 16 2119 0 
2059 830 69 2164 2 (15,19) , (57,2)
2064 831 6 2246 0 
2064 832 36 2196 2 (6,21) , (20,6)
2066 833 77 2231 2 (7,7) , (76,10)
2069 834 66 2215 1 (47,5)
2069 835 69 2095 1 (32,9)
2070 836 90 2138 1 (3,9)
2070 837 79 2081 2 (6,21) , (52,10)
2072 838 51 2146 2 (3,15) , (49,1)
2075 839 88 2197 2 (18,5) , (27,2)
2076 840 7 2107 1 (1,9)
2078 841 80 2147 0 
2079 842 55 2203 0 
2080 843 38 2119 1 (38,1)
2082 844 95 2130 1 (46,5)
2087 845 42 2146 1 (35,6)
2090 846 27 2191 2 (6,8) , (8,5)
2094 847 59 2264 0 
2094 848 30 2121 0 
2097 849 104 2113 1 (20,10)
2099 850 89 2156 2 (14,11) , (71,10)
2099 851 55 2273 1 (17,7)
2101 852 21 2279 2 (3,19) , (10,9)
2104 853 92 2158 1 (40,6)
2109 854 35 2288 0 
2114 855 51 2243 1 (9,8)
2115 856 35 2185 0 
2118 857 45 2280 1 (32,10)
2122 858 18 2182 0 
2123 859 88 2264 0 
2125 860 27 2320 2 (6,14) , (13,3)
2126 861 97 2209 1 (60,1)
2129 862 45 2195 2 (6,19) , (22,10)
2132 863 98 2320 2 (12,5) , (36,1)
2137 864 8 2274 1 (7,1)
2141 865 45 2245 2 (11,6) , (32,2)
2146 866 6 2183 0 
2146 867 65 2271 0 
2146 868 42 2267 1 (38,10)
2149 869 77 2333 2 (5,7) , (31,6)
2150 870 9 2267 2 (3,5) , (3,6)
2151 871 62 2186 1 (23,10)
2152 872 71 2327 1 (62,3)
2156 873 104 2318 1 (78,5)
2157 874 74 2305 2 (14,9) , (34,5)
2157 875 89 2157 2 (3,13) , (41,3)
2161 876 93 2226 1 (22,2)
2161 877 95 2180 1 (54,7)
2164 878 29 2287 1 (16,1)
2164 879 34 2227 1 (10,10)
2166 880 67 2269 1 (18,4)
2171 881 67 2258 1 (34,1)
2176 882 32 2324 2 (3,5) , (13,1)
2181 883 40 2220 2 (5,17) , (34,5)
2185 884 86 2303 1 (49,3)
2189 885 51 2282 1 (9,9)
2189 886 43 2229 1 (30,5)
2191 887 77 2383 0 
2194 888 25 2264 0 
2194 889 51 2209 1 (20,1)
2197 890 32 2276 1 (12,5)
2198 891 6 2314 2 (3,15) , (3,3)
2201 892 43 2279 2 (3,3) , (39,6)
2203 893 72 2367 1 (48,1)
2207 894 86 2314 1 (47,4)
2209 895 73 2290 0 
2209 896 48 2300 0 
2213 897 51 2307 2 (10,10) , (54,5)
2218 898 5 2400 0 
2218 899 42 2313 0 
2220 900 98 2291 0 
2224 901 66 2399 0 
2226 902 95 2285 2 (13,12) , (44,8)
2231 903 67 2318 0 
2234 904 66 2351 2 (6,29) , (68,7)
2238 905 42 2301 1 (35,6)
2238 906 27 2351 2 (6,2) , (21,9)
2240 907 62 2276 0 
2240 908 86 2328 1 (11,3)
2240 909 102 2334 1 (68,2)
2241 910 87 2416 1 (12,5)
2242 911 78 2249 0 
2246 912 61 2255 2 (14,30) , (26,7)
2246 913 31 2318 1 (9,10)
2247 914 48 2386 1 (2,5)
2252 915 15 2254 2 (4,17) , (13,5)
2253 916 21 2363 0 
2255 917 94 2448 1 (87,4)
2257 918 92 2277 1 (49,1)
2260 919 90 2410 2 (14,22) , (54,9)
2260 920 21 2405 1 (11,8)
2264 921 103 2277 1 (65,4)
2268 922 16 2404 1 (5,1)
2272 923 72 2344 2 (6,15) , (6,9)
2277 924 48 2410 2 (3,25) , (3,8)
2279 925 47 2421 1 (26,5)
2282 926 70 2405 0 
2285 927 86 2427 1 (69,8)
2289 928 28 2352 0 
2290 929 8 2449 2 (3,24) , (3,2)
2293 930 27 2407 0 
2298 931 56 2441 2 (9,29) , (19,5)
2302 932 45 2372 1 (21,2)
2303 933 68 2354 0 
2306 934 48 2424 1 (48,3)
2306 935 94 2428 0 
2310 936 43 2492 0 
2313 937 93 2394 0 
2317 938 70 2508 2 (3,11) , (42,4)
2322 939 5 2454 1 (1,2)
2326 940 60 2372 0 
2328 941 14 2464 2 (3,28) , (3,2)
2328 942 89 2470 0 
2329 943 56 2367 2 (4,25) , (36,5)
2329 944 39 2347 1 (5,2)
2330 945 104 2484 0 
2335 946 60 2490 2 (8,18) , (56,2)
2337 947 35 2491 0 
2340 948 27 2457 0 
2340 949 79 2346 1 (34,7)
2343 950 10 2419 0 
2346 951 50 2347 1 (38,10)
2351 952 52 2542 2 (10,20) , (39,1)
2354 953 72 2378 2 (7,9) , (71,3)
2354 954 96 2364 0 
2354 955 93 2479 1 (93,5)
2359 956 30 2523 2 (3,9) , (30,1)
2362 957 87 2392 2 (4,17) , (87,9)
2365 958 74 2497 1 (51,5)
2370 959 42 2414 2 (5,16) , (31,4)
2373 960 71 2449 1 (11,10)
2376 961 8 2496 0 
2380 962 20 2478 1 (14,7)
2382 963 21 2431 1 (19,2)
2385 964 56 2503 2 (13,22) , (48,7)
2387 965 18 2480 1 (6,6)
2390 966 65 2515 2 (9,11) , (9,1)
2394 967 94 2456 0 
2399 968 46 2546 2 (3,16) , (30,8)
2404 969 29 2476 0 
2408 970 16 2495 1 (12,1)
2409 971 16 2444 2 (4,22) , (15,10)
2409 972 22 2501 1 (14,2)
2411 973 18 2539 0 
2416 974 63 2427 0 
2417 975 98 2611 2 (3,1) , (23,10)
2421 976 53 2552 2 (11,5) , (52,4)
2425 977 56 2485 1 (27,10)
2430 978 28 2612 2 (5,26) , (14,5)
2435 979 95 2479 2 (11,23) , (50,10)
2440 980 22 2461 1 (18,6)
2441 981 53 2592 1 (9,9)
2444 982 102 2530 1 (1,1)
2445 983 66 2602 1 (49,10)
2445 984 90 2581 1 (52,9)
2450 985 89 2626 2 (4,6) , (32,8)
2455 986 31 2616 1 (29,1)
2458 987 11 2578 2 (4,10) , (10,4)
2459 988 48 2485 2 (5,1) , (37,9)
2463 989 29 2650 1 (11,9)
2464 990 104 2550 2 (9,29) , (71,9)
2466 991 6 2644 0 
2470 992 83 2659 2 (4,7) , (75,6)
2472 993 16 2502 1 (1,5)
2475 994 49 2492 1 (14,3)
2478 995 26 2589 0 
2481 996 15 2571 2 (3,15) , (16,10)
2483 997 83 2576 0 
2484 998 51 2547 1 (16,3)
2487 999 40 2682 2 (4,12) , (13,1)
2487 1000 98 2613 2 (3,15) , (12,9)185 11038
5   1
6   2
207 16733
