4 5 1 4
5
1 17 49 12 16
500
6 1 58 158 1 (1,1)
6 2 40 185 1 (7,5)
6 3 76 198 0 
7 4 95 64 0 
11 5 92 173 1 (63,6)
16 6 91 126 2 (5,15) , (25,9)
21 7 54 33 0 
22 8 101 204 1 (98,4)
25 9 47 70 1 (27,4)
30 10 92 220 1 (57,6)
30 11 44 148 2 (8,30) , (47,7)
34 12 30 180 1 (16,6)
36 13 41 85 2 (9,8) , (24,3)
37 14 27 164 1 (9,1)
39 15 57 238 1 (17,8)
44 16 14 172 0 
48 17 19 152 2 (5,14) , (17,10)
50 18 72 212 0 
50 19 47 73 1 (13,3)
55 20 58 149 0 
60 21 67 162 2 (15,10) , (70,8)
64 22 6 174 1 (1,4)
69 23 31 265 0 
73 24 6 219 0 
78 25 76 193 0 
82 26 41 202 1 (12,3)
82 27 68 119 0 
83 28 45 162 2 (3,6) , (9,4)
83 29 55 92 1 (4,10)
84 30 88 181 2 (16,1) , (86,7)
87 31 69 105 0 
92 32 88 155 0 
93 33 99 109 0 
96 34 26 161 2 (6,21) , (27,2)
101 35 103 129 2 (8,18) , (79,6)
102 36 74 240 2 (3,6) , (74,2)
104 37 16 204 0 
109 38 100 113 0 
110 39 70 170 0 
115 40 92 151 1 (61,10)
119 41 73 203 0 
122 42 75 212 2 (7,19) , (33,4)
124 43 26 254 0 
124 44 67 305 1 (46,4)
128 45 66 250 1 (52,6)
130 46 51 321 1 (8,4)
130 47 102 184 1 (68,6)
133 48 104 258 2 (19,4) , (71,4)
136 49 46 182 1 (4,3)
140 50 102 248 2 (9,19) , (72,4)
140 51 71 263 0 
145 52 55 273 2 (9,27) , (15,10)
148 53 40 325 1 (24,4)
151 54 24 165 2 (4,22) , (24,4)
155 55 26 188 1 (9,8)
160 56 89 297 2 (16,18) , (38,7)
160 57 18 175 0 
161 58 18 200 1 (4,7)
164 59 77 283 0 
167 60 19 307 0 
167 61 9 308 2 (3,24) , (10,6)
168 62 60 292 1 (10,3)
168 63 92 209 0 
168 64 53 214 0 
168 65 39 343 1 (24,2)
173 66 101 273 0 
174 67 77 194 2 (14,29) , (34,2)
179 68 56 235 0 
181 69 24 225 1 (5,10)
186 70 100 239 0 
188 71 14 386 0 
191 72 29 327 0 
194 73 15 308 2 (3,19) , (11,6)
194 74 73 288 0 
197 75 40 258 1 (18,4)
197 76 87 393 2 (5,18) , (66,6)
197 77 93 266 2 (11,28) , (26,10)
201 78 31 297 0 
203 79 68 294 2 (3,22) , (16,2)
208 80 68 379 0 
208 81 70 275 1 (30,2)
212 82 72 279 2 (6,10) , (71,9)
212 83 28 221 1 (15,7)
217 84 23 381 0 
222 85 53 374 1 (42,4)
227 86 5 261 0 
228 87 6 276 1 (6,4)
228 88 21 238 1 (12,5)
229 89 21 378 1 (19,7)
231 90 103 376 2 (15,5) , (33,3)
231 91 7 255 0 
231 92 20 316 1 (16,3)
235 93 33 418 2 (6,26) , (6,3)
235 94 61 393 0 
235 95 103 427 1 (93,7)
236 96 7 300 2 (3,16) , (8,7)
239 97 40 431 1 (32,5)
244 98 23 268 1 (3,1)
245 99 17 405 0 
245 100 85 354 0 
250 101 57 311 1 (1,7)
253 102 22 291 1 (7,6)
257 103 80 346 2 (14,20) , (82,1)
261 104 89 353 0 
261 105 48 366 0 
262 106 40 458 1 (12,4)
264 107 91 382 1 (42,4)
266 108 62 385 2 (7,20) , (54,2)
268 109 55 325 2 (13,12) , (30,9)
271 110 71 291 2 (14,13) , (39,10)
271 111 89 421 0 
275 112 86 395 0 
276 113 55 365 2 (3,17) , (52,2)
278 114 10 425 0 
279 115 10 411 2 (4,19) , (6,7)
283 116 90 380 2 (20,30) , (52,9)
287 117 29 403 2 (4,24) , (13,6)
290 118 46 419 2 (4,12) , (41,4)
291 119 55 364 2 (12,19) , (32,8)
295 120 99 302 0 
300 121 15 440 2 (5,8) , (9,9)
303 122 37 324 2 (8,24) , (42,3)
304 123 67 423 1 (36,8)
306 124 57 462 1 (38,5)
306 125 13 377 0 
310 126 103 318 0 
314 127 21 402 1 (17,9)
317 128 8 439 0 
317 129 47 402 0 
317 130 74 367 0 
320 131 78 432 2 (17,18) , (61,10)
320 132 83 454 1 (18,6)
325 133 47 509 1 (15,5)
328 134 22 442 1 (21,1)
328 135 64 432 1 (9,8)
332 136 70 442 1 (13,5)
332 137 67 418 2 (15,15) , (29,2)
336 138 88 461 1 (33,6)
340 139 52 358 2 (6,21) , (29,4)
341 140 9 468 1 (8,1)
341 141 53 468 1 (13,7)
343 142 68 451 0 
345 143 49 459 1 (28,7)
349 144 35 411 0 
351 145 37 546 0 
352 146 6 526 2 (3,28) , (6,9)
352 147 77 418 1 (73,7)
353 148 8 391 2 (3,11) , (4,3)
358 149 41 393 1 (6,3)
360 150 43 532 1 (40,9)
360 151 80 515 2 (6,10) , (32,8)
361 152 77 537 2 (6,19) , (25,2)
365 153 16 406 0 
370 154 37 376 1 (28,9)
373 155 77 481 1 (43,8)
376 156 17 479 1 (10,4)
377 157 55 567 0 
379 158 6 572 2 (3,3) , (4,6)
381 159 44 424 0 
384 160 56 548 2 (5,14) , (46,9)
389 161 83 467 0 
389 162 68 574 0 
391 163 81 396 1 (56,2)
396 164 42 526 0 
401 165 31 433 2 (4,3) , (6,4)
404 166 48 460 1 (24,4)
409 167 53 563 1 (21,8)
413 168 38 567 1 (3,1)
418 169 18 518 2 (5,5) , (16,8)
422 170 21 441 2 (5,10) , (11,5)
426 171 83 532 2 (9,11) , (54,1)
428 172 86 452 2 (8,16) , (26,6)
428 173 66 485 0 
428 174 73 614 1 (49,4)
430 175 22 551 1 (1,1)
433 176 103 444 1 (17,6)
436 177 12 592 0 
438 178 40 503 0 
440 179 40 510 2 (3,11) , (19,6)
445 180 76 591 2 (17,13) , (38,6)
446 181 20 594 1 (20,5)
448 182 101 529 0 
450 183 86 474 0 
451 184 50 492 1 (20,4)
455 185 34 580 1 (20,9)
457 186 41 586 2 (6,5) , (17,9)
461 187 94 653 1 (88,6)
463 188 96 608 1 (10,4)
463 189 18 551 2 (3,24) , (12,3)
463 190 74 498 0 
464 191 31 657 2 (5,4) , (15,5)
466 192 76 574 0 
471 193 96 506 0 
475 194 85 613 1 (19,6)
476 195 65 618 0 
480 196 60 675 0 
480 197 63 528 1 (44,4)
484 198 71 627 2 (9,19) , (11,3)
486 199 35 577 1 (13,10)
489 200 24 619 0 
489 201 19 675 2 (5,17) , (10,6)
490 202 40 597 2 (8,2) , (16,1)
493 203 15 561 0 
493 204 41 621 1 (27,7)
498 205 46 599 0 
503 206 11 617 0 
506 207 60 618 2 (8,11) , (22,1)
510 208 93 704 2 (5,28) , (10,2)
511 209 22 702 0 
514 210 43 522 1 (13,4)
518 211 59 545 0 
520 212 43 624 0 
521 213 24 634 0 
525 214 96 624 2 (12,27) , (98,7)
529 215 29 600 2 (7,25) , (24,9)
529 216 72 579 1 (10,3)
529 217 72 691 2 (3,3) , (7,4)
531 218 13 627 2 (4,26) , (4,10)
535 219 88 616 2 (6,29) , (13,2)
539 220 57 638 0 
543 221 18 586 2 (4,3) , (12,9)
545 222 55 720 1 (15,9)
545 223 81 659 0 
547 224 79 587 0 
550 225 95 663 0 
550 226 73 717 0 
551 227 80 568 0 
553 228 46 679 0 
555 229 34 607 0 
560 230 25 562 2 (6,8) , (14,6)
560 231 26 739 0 
562 232 75 720 0 
562 233 28 577 2 (7,10) , (21,8)
563 234 49 643 1 (31,2)
563 235 61 692 1 (30,9)
568 236 34 568 2 (3,25) , (13,9)
572 237 86 758 1 (70,5)
574 238 28 692 0 
576 239 57 605 0 
576 240 103 691 1 (66,5)
576 241 76 629 0 
577 242 34 620 2 (4,10) , (22,2)
579 243 53 722 2 (11,21) , (51,6)
583 244 27 647 2 (6,4) , (23,9)
585 245 65 635 1 (7,3)
589 246 67 653 1 (41,8)
591 247 88 652 1 (16,7)
596 248 44 765 1 (13,10)
598 249 103 649 1 (102,2)
600 250 22 779 2 (5,13) , (4,1)
604 251 98 748 1 (31,8)
609 252 46 780 2 (5,26) , (49,7)
612 253 81 755 1 (22,9)
613 254 28 798 2 (6,23) , (10,6)
618 255 52 628 0 
620 256 59 751 0 
624 257 5 815 2 (3,22) , (2,8)
629 258 81 799 0 
634 259 18 677 1 (17,5)
638 260 26 646 1 (23,10)
643 261 101 839 2 (20,24) , (107,3)
646 262 97 685 2 (11,4) , (66,7)
647 263 95 680 2 (4,10) , (88,6)
652 264 61 823 1 (6,3)
655 265 91 733 1 (81,6)
659 266 18 840 2 (3,27) , (9,7)
661 267 18 853 0 
665 268 97 854 1 (47,2)
666 269 58 693 0 
670 270 88 837 0 
673 271 69 869 1 (62,7)
678 272 83 800 0 
682 273 40 701 2 (10,19) , (19,3)
687 274 91 743 1 (1,5)
689 275 96 769 0 
693 276 47 852 2 (9,12) , (11,4)
693 277 61 733 1 (3,6)
697 278 59 857 1 (26,1)
698 279 19 883 1 (2,4)
700 280 48 761 0 
700 281 34 776 1 (25,8)
703 282 19 732 1 (3,5)
704 283 51 871 0 
707 284 69 732 1 (41,10)
708 285 26 767 2 (5,28) , (6,3)
708 286 38 746 2 (9,26) , (43,5)
708 287 30 722 1 (26,5)
708 288 66 794 1 (42,3)
713 289 56 806 0 
717 290 38 763 0 
721 291 22 916 1 (15,1)
723 292 76 883 0 
727 293 24 759 0 
727 294 45 856 0 
727 295 82 864 2 (4,2) , (71,1)
730 296 88 879 2 (10,27) , (11,4)
731 297 15 820 0 
731 298 54 762 1 (36,2)
731 299 12 801 2 (4,19) , (6,1)
734 300 89 922 1 (83,1)
739 301 90 892 1 (82,3)
744 302 31 799 0 
746 303 29 796 2 (4,13) , (6,5)
748 304 83 943 2 (3,6) , (23,6)
753 305 50 887 0 
754 306 71 817 1 (66,2)
757 307 11 930 2 (4,1) , (8,5)
758 308 40 780 2 (4,3) , (16,8)
762 309 19 913 1 (15,3)
765 310 88 810 2 (14,15) , (93,3)
769 311 23 840 1 (22,9)
772 312 7 876 0 
772 313 80 970 1 (78,3)
775 314 45 888 1 (35,1)
780 315 97 833 0 
780 316 57 814 1 (48,1)
784 317 15 969 2 (4,10) , (6,1)
784 318 62 829 1 (19,8)
787 319 73 986 2 (15,11) , (58,3)
791 320 33 960 2 (8,11) , (31,1)
794 321 6 977 2 (3,30) , (7,9)
797 322 73 821 2 (7,26) , (70,9)
799 323 70 933 0 
799 324 30 936 1 (14,6)
802 325 100 856 2 (16,11) , (63,10)
804 326 92 864 0 
807 327 10 839 2 (4,30) , (4,1)
810 328 55 954 0 
815 329 27 957 2 (4,5) , (6,7)
820 330 54 896 0 
825 331 84 929 0 
829 332 44 923 1 (33,4)
834 333 72 976 0 
837 334 54 933 2 (10,17) , (39,9)
840 335 78 900 1 (46,3)
841 336 99 930 2 (3,9) , (87,6)
846 337 80 877 0 
848 338 47 919 0 
850 339 85 933 0 
850 340 85 978 2 (10,18) , (47,2)
852 341 22 993 2 (6,24) , (22,2)
852 342 98 922 1 (15,5)
855 343 80 874 2 (3,26) , (75,6)
857 344 88 940 0 
860 345 94 1012 1 (71,2)
865 346 98 986 0 
866 347 6 909 2 (3,24) , (6,7)
870 348 10 982 1 (9,3)
874 349 90 1064 0 
877 350 66 1002 1 (47,5)
882 351 49 1032 0 
883 352 70 1037 0 
887 353 81 888 0 
887 354 69 1005 2 (3,22) , (60,7)
887 355 23 899 0 
889 356 62 1086 1 (43,10)
889 357 23 981 0 
892 358 76 952 1 (57,8)
893 359 70 1001 2 (15,7) , (80,10)
893 360 27 926 0 
894 361 104 997 2 (16,3) , (22,8)
894 362 57 905 1 (46,3)
897 363 82 923 0 
902 364 27 953 2 (4,23) , (27,2)
904 365 17 962 1 (8,3)
904 366 35 1060 1 (29,10)
904 367 42 1021 2 (5,23) , (12,3)
904 368 38 1011 1 (32,2)
906 369 18 999 1 (6,10)
910 370 25 1041 0 
911 371 26 1033 2 (3,6) , (19,7)
912 372 31 1001 2 (4,14) , (24,1)
914 373 30 1007 2 (6,26) , (21,6)
916 374 51 1052 1 (15,1)
921 375 54 1018 0 
924 376 74 1018 0 
926 377 62 972 1 (29,9)
928 378 21 1077 1 (14,2)
930 379 76 978 1 (33,1)
935 380 99 1094 2 (11,9) , (93,9)
935 381 53 989 0 
938 382 50 1069 1 (46,9)
940 383 58 1038 0 
941 384 25 961 0 
942 385 51 1108 0 
947 386 50 1008 2 (9,23) , (31,4)
947 387 20 947 0 
952 388 86 1116 2 (15,9) , (23,8)
956 389 78 1113 2 (13,5) , (56,7)
957 390 95 990 1 (4,9)
961 391 23 994 1 (13,5)
964 392 9 1155 1 (9,5)
967 393 8 1056 0 
969 394 53 1146 2 (4,11) , (4,1)
969 395 59 1016 2 (11,19) , (58,3)
969 396 54 1166 1 (35,9)
969 397 102 1095 0 
972 398 65 986 0 
976 399 79 1124 2 (16,7) , (46,10)
979 400 69 1033 1 (59,10)
982 401 52 1142 1 (47,5)
987 402 88 1080 1 (19,9)
992 403 90 1177 0 
996 404 85 1017 1 (45,2)
997 405 92 1171 0 
999 406 9 1123 2 (3,5) , (5,1)
1003 407 28 1005 0 
1008 408 63 1025 2 (3,2) , (25,6)
1012 409 22 1022 1 (7,4)
1012 410 67 1116 2 (12,3) , (49,6)
1013 411 81 1109 2 (15,27) , (28,9)
1015 412 65 1153 1 (27,9)
1019 413 82 1085 1 (20,3)
1023 414 71 1174 1 (25,4)
1025 415 71 1142 1 (68,2)
1029 416 102 1090 1 (72,3)
1032 417 101 1068 1 (86,8)
1036 418 38 1129 0 
1038 419 85 1060 1 (61,7)
1042 420 62 1137 0 
1046 421 53 1071 1 (38,2)
1048 422 19 1061 2 (3,10) , (4,3)
1049 423 23 1097 2 (4,20) , (6,1)
1051 424 27 1093 1 (17,10)
1056 425 33 1238 1 (9,5)
1058 426 32 1216 1 (2,6)
1060 427 64 1159 2 (6,25) , (17,10)
1065 428 48 1244 2 (10,20) , (45,4)
1069 429 31 1162 1 (20,3)
1072 430 56 1169 0 
1073 431 45 1272 2 (5,19) , (27,7)
1078 432 16 1106 0 
1079 433 83 1222 1 (24,6)
1083 434 80 1261 0 
1083 435 91 1271 0 
1088 436 83 1178 2 (3,18) , (71,9)
1088 437 80 1174 0 
1089 438 66 1156 1 (55,10)
1089 439 68 1254 1 (63,7)
1093 440 41 1204 1 (33,2)
1098 441 89 1124 1 (77,5)
1102 442 69 1250 0 
1102 443 9 1236 1 (8,5)
1102 444 18 1293 2 (4,2) , (19,6)
1105 445 73 1243 2 (15,24) , (67,6)
1105 446 32 1115 2 (4,26) , (26,4)
1109 447 87 1240 0 
1112 448 96 1204 1 (55,1)
1116 449 10 1239 2 (4,8) , (4,3)
1118 450 57 1264 0 
1122 451 69 1135 1 (22,7)
1122 452 11 1217 2 (4,22) , (8,8)
1125 453 41 1127 1 (7,4)
1127 454 60 1310 1 (47,10)
1131 455 65 1196 1 (52,1)
1133 456 17 1308 0 
1135 457 55 1143 0 
1138 458 95 1204 0 
1143 459 11 1277 2 (4,4) , (11,10)
1143 460 53 1232 1 (16,10)
1143 461 78 1331 0 
1148 462 35 1159 1 (29,2)
1148 463 77 1240 0 
1148 464 10 1336 2 (3,30) , (2,3)
1149 465 9 1319 0 
1154 466 27 1259 1 (5,9)
1157 467 86 1258 1 (57,4)
1160 468 33 1341 0 
1162 469 14 1268 0 
1163 470 55 1292 2 (4,15) , (19,9)
1164 471 9 1233 1 (3,9)
1167 472 102 1204 1 (57,2)
1172 473 57 1352 1 (48,6)
1176 474 57 1249 1 (11,7)
1180 475 88 1253 0 
1185 476 62 1218 1 (55,2)
1186 477 104 1292 1 (67,10)
1187 478 5 1320 0 
1190 479 39 1190 1 (15,8)
1195 480 30 1280 1 (4,5)
1195 481 68 1271 0 
1197 482 63 1393 2 (10,24) , (38,5)
1200 483 6 1211 0 
1200 484 55 1368 0 
1203 485 65 1311 0 
1205 486 42 1394 0 
1205 487 39 1395 1 (5,3)
1206 488 69 1298 0 
1207 489 75 1393 0 
1210 490 91 1269 2 (8,20) , (96,1)
1214 491 84 1308 1 (41,1)
1215 492 48 1299 0 
1218 493 75 1333 0 
1220 494 49 1342 1 (14,10)
1224 495 7 1231 0 
1229 496 101 1413 0 
1229 497 42 1397 2 (5,14) , (27,4)
1233 498 85 1375 1 (29,6)
1236 499 42 1350 2 (5,20) , (33,7)
1237 500 47 1305 0 
7 1
8 2
12 4
13 5
