TT     PID     AT     CT   IO_D      WT     RT    TRT
6      1      1     49      0        4      0      4
7      2      1     97      0        5      0      5
8      3      3     89      0        4      0      4
44     17     31     11      0       12      0     12
101     23     45     50      0       55      4     55
109      5      7     21      9      101      0    101
151     32     76     73      0       74      0     74
184     11     16     56      5      167      0    167
243     72    183     54      0       59      4     59
277     77    192     83      0       84      0     84
331     19     36     10      0      294     16    294
359    113    278     79      0       80      0     80
374    125    305     67      0       68      0     68
397    141    350     41      0       46      4     46
427    164    400     25      0       26      0     26
475    179    447     26      0       27      0     27
488    154    382     98      0      105      6    105
503    185    461     36      0       41      4     41
536    194    475     59      0       60      0     60
547    207    518     25      0       28      2     28
548     53    129     31      5      418      0    418
612    214    537     73      0       74      0     74
637    244    619     16      0       17      0     17
663    252    637     24      0       25      0     25
724    259    653     69      0       70      0     70
744    250    634    103      0      109      5    109
764    265    669     89      0       94      4     94
786    310    749     33      0       36      2     36
851    317    765     84      0       85      0     85
871    327    788     81      0       82      0     82
889    344    842     37      0       46      8     46
920    349    851     67      0       68      0     68
971    360    880     89      0       90      0     90
1000    372    912     80      0       87      6     87
1001    397    976     17      0       24      6     24
1034    404   1001     31      0       32      0     32
1048    416   1027     13      0       20      6     20
1090    403    996     92      0       93      0     93
1110    423   1042     61      0       67      5     67
1186    446   1091     88      0       94      5     94
1188    455   1107     74      0       80      5     80
1243    474   1143     93      0       99      5     99
1285    486   1179     98      0      105      6    105
1295    494   1200     88      0       94      5     94
1297     97    228     51      9     1068      4   1068
1312    298    729     83      3      582      5    582
1360    533   1309     49      0       50      0     50
1387    531   1304     74      0       82      7     82
1452    568   1388     57      0       63      5     63
1455    556   1352     94      0      102      7    102
1482    592   1446     29      0       35      5     35
1508    599   1458     43      0       49      5     49
1517    458   1114      5      5      402      0    402
1550    606   1478     65      0       71      5     71
1559    616   1508     49      0       50      0     50
1560     57    138     54      3     1421      0   1421
1571    624   1529     40      0       41      0     41
1615    642   1575     38      0       39      0     39
1633    639   1568     63      0       64      0     64
1681    655   1609     62      0       71      8     71
1694    227    572      7      0     1121    230   1121
1703    673   1647     50      0       55      4     55
1744    697   1702     40      0       41      0     41
1783    690   1684     94      0       98      3     98
2689     73    183      9     24     2505      0   2505
2933    168    411      8      0     2521   1940   2521
2945     35     81      7      5     2863    344   2863
3406    163    398      9      0     3007    216   3007
3618    604   1472      5     17     2145      0   2145
3753    570   1390      5      0     2362    259   2362
3829    110    268     10      0     3560    167   3560
3889     48    112     24     14     3776      0   3776
4273    307    741      6      0     3531    514   3531
4446    667   1634      7      0     2811    572   2811
5083    148    369     55      1     4713      6   4713
5213    102    246     61      2     4966      0   4966
5414     71    178     12     28     5235      1   5235
5661    343    839     12      0     4821    214   4821
5676    427   1047      8      0     4628   1749   4628
5860    149    371     11      0     5488   1993   5488
5899    617   1510      5      0     4388   1475   4388
5949    598   1456     13      7     4492      1   4492
5974    634   1557      6      0     4416   1513   4416
6220    150    373      6      8     5846   1996   5846
6646    660   1620     11      0     5025    836   5025
6650    483   1175     11      0     5474   1286   5474
6665    447   1091     12     17     5573      0   5573
6739    216    543     45      8     6195      4   6195
6749    158    390     24      0     6358    298   6358
6846    361    885      8      0     5960   3095   5960
6881    370    906      8      0     5974   3109   5974
7041    336    818     12      3     6222    225   6222
7147    193    472     12      3     6674    240   6674
7230    200    490     72      3     6739      0   6739
7402    353    861      7     18     6540    483   6540
7513    495   1204      8     10     6308    287   6308
7548    204    503      7      0     7044   4218   7044
7792    339    826     12     15     6965    946   6965
7805    694   1694      6      6     6110    933   6110
7984    296    723      6      1     7260   1259   7260
8030    166    409      5      0     7620   4808   7620
8182    610   1487      5      0     6694   3896   6694
8579     12     18     18      0     8560    387   8560
8683    126    307     14      0     8375   1252   8375
8850    314    758     10      3     8091    512   8091
9030    406   1008     10      5     8021   1410   8021
9079    170    418     15      1     8660    206   8660
9170    413   1023     14      1     8146      0   8146
9259    450   1101     11      6     8157    468   8157
9275    471   1136     10      9     8138    468   8138
9437    155    387     11      7     9049    212   9049
9481    294    720     24      2     8760    194   8760
9692     70    173     19      4     9518      0   9518
9754    476   1150     14      0     8603   1346   8603
9953    376    921      8     23     9031   1237   9031
10031    581   1413     12      1     8617    480   8617
10161    540   1320     84      4     8840      8   8840
10346    171    421     10     29     9924    208   9924
10388    689   1681     16     21     8706      0   8706
10447    691   1687     19      0     8759    567   8759
10479    493   1198     15      5     9280      0   9280
10602    591   1442     15      0     9159    501   9159
10750    114    280     22      0    10469    235  10469
10881    157    388     21      0    10492    216  10492
10977    520   1266     12      0     9710   4257   9710
10995    293    715      9     32    10279      0  10279
11033    322    777      6      7    10255   4804  10255
11071    514   1244     11     27     9826   1479   9826
11126    432   1058     16      0    10067    944  10067
11138    328    789     17      0    10348    284  10348
11182    241    607     23     23    10574      0  10574
11423    637   1564     16      0     9858   1523   9858
11541    535   1311     10      8    10229   1856  10229
11545    355    864     15      2    10680    514  10680
11606    358    870     15      6    10735    523  10735
11701    229    577     20      5    11123   1515  11123
11784    442   1083     13      0    10700   2376  10700
11947    396    975     22     18    10971      0  10971
11969    646   1590      9      5    10378   2079  10378
12117    184    460     18      0    11656    193  11656
12372    286    707     17      0    11664    479  11664
12569    405   1004     11      3    11564   3315  11564
12648    663   1624      9     20    11023    558  11023
12851    602   1468      9      3    11382   3181  11382
13000    681   1664     10     10    11335   3133  11335
13015    687   1677     16      0    11337   3143  11337
13029    299    732     17      0    12296    971  12296
13069    658   1615     98      8    11453      0  11453
13190    290    710     10      3    12479   4319  12479
13639    491   1191     13     15    12447      0  12447
13730    417   1028     11     16    12701   4582  12701
14170     74    185     31      0    13984    185  13984
14192    555   1351     23      0    12840    465  12840
14281    206    513     28     21    13767      0  13767
14307    237    598     17     10    13708   1810  13708
14388      4      7     41     20    14380      0  14380
14508    453   1103     23      0    13404    481  13404
14524    456   1108     20      7    13415    486  13415
14593    475   1147     23      0    13445    472  13445
14633    571   1391     24      0    13241    263  13241
14686    466   1125     18      0    13560   2690  13560
14777    380    929     20      0    13847   3006  13847
14793    383    936     18      0    13856   3009  13856
14988     60    150     22      9    14837    844  14837
14990    359    875     25      6    14114      0  14114
14997    457   1109     21      0    13887   1372  13887
15081     61    150     20      2    14930    849  14930
15152    522   1275     56      8    13876      0  13876
15234    677   1656     17      0    13577   2809  13577
15269    530   1299     17     34    13969      8  13969
15281    140    345     26     23    14935      4  14935
15373    208    519     23      0    14853    938  14853
15445    454   1105     30     27    14339      0  14339
15468    201    495     14      8    14972   4207  14972
15495    205    508     13     10    14986   4223  14986
15639    668   1635     15     19    14003    576  14003
15651    511   1239     27      5    14411      3  14411
15654    664   1628     14     28    14025    558  14025
15754    219    552     19      5    15201    226  15201
16049     69    169     20      6    15879      0  15879
16120    505   1227     12      8    14892   4233  14892
16140    510   1235     24      0    14904   1473  14904
16184    492   1195     20      5    14988      0  14988
16218     98    228     19      8    15989    420  15989
16235    262    664     22      8    15570      0  15570
16325    439   1076     21      0    15248    951  15248
16578    628   1538     16     22    15039   1512  15039
16616    348    850     26      0    15765    484  15765
16675    513   1241     45      5    15433      4  15433
16702    549   1340     23      9    15361    456  15361
16877    435   1067     17      3    15809   2372  15809
16889    441   1082     21      0    15806   2372  15806
16966    415   1026     22     20    15939      2  15939
17064    605   1476     28     19    15587      0  15587
17373    115    281     30      0    17091    239  17091
17657    608   1482     36     27    16174      0  16174
17933    210    524     18      6    17408   4212  17408
18006    638   1567     43      6    16438      3  16438
18048    226    570     26     27    17477    228  17477
18167    490   1187     16     26    16979   3833  16979
18214     90    214     21      7    17999    647  17999
18336    178    442     23      0    17893   4790  17893
18413      7      9     23     37    18403     14  18403
18415    256    641     13     25    17773   4655  17773
18420     99    233     20      1    18186   5079  18186
18433     63    152     26      0    18280    121  18280
18508    497   1207     26      7    17300    299  17300
18576    279    697     21     11    17878    455  17878
18807    143    355     28      0    18451   2513  18451
18875    593   1448     31     29    17426      5  17426
18918    619   1514     22      6    17403   1476  17403
19115    550   1342     21     17    17772    464  17772
19118    557   1355     22      9    17762    470  17762
19122    541   1322     27      0    17799   1951  17799
19247    431   1057     21      8    18189   2367  18189
19307    273    683     25      4    18623    454  18623
19352    468   1134     21     14    18217   2420  18217
19474    134    330     29      2    19143   1103  19143
19539    460   1116     21      6    18422   2697  18422
19618     33     76     43      9    19541    231  19541
19743    387    949     18     34    18793   3100  18793
19781    271    682     26      0    19098   3436  19098
19788    107    259     25      8    19528    932  19528
19828    425   1044     28     16    18783      0  18783
19843    478   1158     32      0    18684   1359  18684
20032    669   1640     25      0    18391   2810  18391
20208    597   1453     22      8    18754   3176  18754
20220     64    157     47      7    20062      4  20062
20244    212    532     21      1    19711   4159  19711
20317    618   1512     28     10    18804      4  18804
20334    683   1671     25      0    18662   3134  18662
20411    524   1280     30      2    19130    477  19130
20575    393    967     23      9    19607    986  19607
20589    394    968     23     25    19620    990  19620
20656    283    702     17     35    19953   4495  19953
20689    189    467     27      8    20221   2193  20221
20701    251    637     29      0    20063   2056  20063
20725    100    238     27      0    20486   5079  20486
21008    261    659     22     29    20348   1333  20348
21035    159    391     21     16    20643    306  20643
21048     80    196     34      0    20851    388  20851
21157    119    290     34      0    20866   1236  20866
21165    120    293     30      5    20871   1238  20871
21179    607   1481     27      6    19697   1492  19697
21259    635   1561     32      0    19697   1521  19697
21261     87    206     46      4    21054      0  21054
21268    129    315     25      3    20952   2787  20952
21663    448   1096     23     32    20566   2503  20566
21741    473   1141     28     16    20599    473  20599
21869    577   1404     38      0    20464    459  20464
21963    371    909     27      7    21053   3111  21053
21977    384    939     26      8    21037   3101  21037
22035    240    607     33     23    21427      5  21427
22191     27     62     34     10    22128     56  22128
22207    334    811     29     17    21395    222  21395
22232    228    572     36      2    21659    235  21659
22373    562   1372     32      3    21000   1191  21000
22385    527   1290     40     22    21094      8  21094
22408    565   1379     34     16    21028      7  21028
22435    601   1467     27      4    20967   3177  20967
22484    203    499     32      0    21984   4217  21984
22622    401    987     33     30    21634    254  21634
22634    529   1294     41      0    21339    468  21339
22723    312    753     31      0    21969   4317  21969
22758     25     55     40      4    22702      2  22702
22820    276    689     25      8    22130   4484  22130
23038    503   1226     25      3    21811   4224  21811
23208    440   1078     33      0    22129    954  22129
23461    354    861     38      0    22599    478  22599
23483    538   1317     25     25    22165   1814  22165
23535    551   1342     33      1    22192    459  22192
23542    147    366     41     19    23175    461  23175
23597    121    294     43      7    23302      0  23302
23910    567   1388     35      5    22521    251  22521
23941    657   1613     35      6    22327    838  22327
23976    221    557     94      3    23418      0  23418
24166    196    477     35      9    23688    276  23688
24324     26     58     68      9    24265      0  24265
24381    665   1628     34      5    22752    563  22752
24564    137    336     31     33    24227    159  24227
24616     40     87     36     24    24528    171  24528
24723    340    826     45      0    23896    950  23896
24885    274    686     30      9    24198   4485  24198
24903    161    392     35      0    24510   4810  24510
24908    282    702     28     10    24205   4490  24205
25209    320    774     27     36    24434   4797  24434
25447    127    309     43      0    25137   1255  25137
25722    424   1042     31     27    24679   2356  24679
25772     10     12     78      9    25759      6  25759
25837    285    706     42      0    25130    460  25130
25908    650   1597     36      7    24310   2101  24310
25933    654   1606     32     13    24326   2105  24326
26079    342    836     43     32    25242      5  25242
26085    123    304     47      0    25780    161  25780
26137    375    919     30      9    25217   3116  25217
26189    264    669     29     29    25519   3425  25519
26274    508   1231     33      6    25042   3021  25042
26284     45     97     48     27    26186     70  26186
26363      6      7     60      0    26355     25  26355
26478    586   1429     33     29    25048    484  25048
26561    316    760     43      7    25800    520  25800
26588    211    527     33      4    26060   4214  26060
26639    678   1656     30     10    24982   3131  24982
26850     86    206     35     30    26643    651  26643
26892    278    696     38      0    26195   4487  26195
27007    576   1404     41     32    25602      0  25602
27162    335    813     44      0    26348    225  26348
27177    418   1033     40      0    26143   4582  26143
27321    145    357     36     16    26963   2521  26963
27346      9     10     58      0    27335     27  27335
27366     28     66     59      0    27299     57  27299
27403    621   1520     36     22    25882   1480  25882
27443    105    256     40     31    27186   1211  27186
27452     37     83     63      0    27368    229  27368
27459    247    625     48     38    26833      6  26833
27471    537   1317     35     21    26153   1819  26153
27508     93    219     41      4    27288   1129  27288
27541    542   1325     42      0    26215   1953  26215
27652    408   1010     38     22    26641   1413  26641
27705    389    955     75      8    26749      3  26749
27762    464   1119     33     26    26642   2410  26642
27898    484   1176     48      0    26721   1290  26721
28274    174    430     45     23    27843    504  27843
28302    670   1640     34     34    26661   2805  26661
28391    559   1361     42      1    27029   1188  27029
28586    700   1712     33     13    26873   3178  26873
28618    693   1691     45      0    26926    931  26926
28717     58    142     44      1    28574    842  28574
28763    277    692     38      1    28070   4486  28070
28891    611   1490     33     12    27400   3898  27400
28903    582   1418     79      1    27484      0  27484
28947    512   1241     47      0    27705   1477  27705
29049    517   1252     41      7    27796   1491  27796
29116     81    199     54      0    28916    181  28916
29149    234    591     42      9    28557   2257  28557
29186     21     40     53      5    29145     29  29145
29188     91    214     43     27    28973    186  28973
29275    128    314     45      0    28960   2783  28960
29344    539   1320     51      0    28023    466  28023
29463    242    610     51      0    28852    483  28852
29470    429   1052     37      9    28417   2368  28417
29497    445   1087     41      8    28409   2387  28409
29553    414   1026     53      7    28526      8  28526
29681    410   1015     48      8    28665   1413  28665
29684    656   1612     50      0    28071    834  28071
29798    146    361     58     22    29436      0  29436
29845    386    944     43      6    28900   3100  28900
29852    151    375     48      5    29476      0  29476
29945    481   1166     47      1    28778   1366  28778
29972    308    742     48      1    29229    518  29229
29982    305    741     44     29    29240    504  29240
30040     50    120     54     18    29919      5  29919
30181    124    304     62     10    29876    166  29876
30183    563   1373     45      9    28809   1200  28809
30248    172    424     59     18    29823      7  29823
30253    173    427     85      9    29825      0  29825
30265     15     25     57      2    30239     64  30239
30296    682   1666     44      2    28629   3134  28629
30309    686   1677     38     11    28631   3148  28631
30331    303    738     45      7    29592    987  29592
30438    217    545     46      4    29892    223  29892
30458    197    481     48      0    29976   4599  29976
30526    162    396     48      0    30129   4816  30129
30596     31     72     42     30    30523     58  30523
30809     84    203     60      0    30605    649  30605
30833    329    790     55      0    30042    288  30042
30868    232    587     47      9    30280   2249  30280
30956    620   1516     43     12    29439   1479  29439
30978    625   1529     45     25    29448   1501  29448
31001      8      9     87      0    30991      9  30991
31095    357    869     47     15    30225    519  30225
31124     95    221     51      5    30902   1836  30902
31334    651   1597     45      3    29736   2096  29736
31440    160    391     66      0    31048    311  31048
31493    362    887     45      2    30605   3098  30605
31502    337    820     61     24    30681      0  30681
31522    181    455     46      1    31066   3599  31066
31591    400    985     59      0    30605    251  30605
31639     62    150     53      0    31488    854  31488
31646     46    102     59     28    31543      0  31543
31650     29     69     55      3    31580     59  31580
31654    367    902     57     30    30751      0  30751
31704    659   1617     56      0    30086    545  30086
31739    685   1674     44     10    30064   2806  30064
31758    579   1408     51      0    30349   3087  30349
31873    209    523     52      0    31349   4163  31349
31980    118    288     63      0    31691    252  31691
32015    315    760     56      0    31254    515  31254
32027    291    710     49      0    31316   4321  31316
32031    489   1185     43     19    30845   3830  30845
32130    167    411     52      0    31718   4811  31718
32134     43     92     55      0    32041    393  32041
32246    135    334     55      9    31911   1104  31911
32263    500   1214     53      0    31048   1097  31048
32376    519   1261     50     10    31114   1491  31114
32464     83    201     55      8    32262    189  32262
32686    225    567     64      0    32118   1520  32118
32769    462   1116     48     30    31652   2403  31652
32854    640   1571     48     36    31282   2061  31282
32887    652   1599     46     12    31287   2102  31287
32926    288    707     59      3    32218    474  32218
32980    112    275     75      0    32704    170  32704
33129    437   1071     65      4    32057      7  32057
33207     20     37     70      0    33169     22  33169
33254    578   1407     49      2    31846   3078  31846
33273    587   1432     55      3    31840    491  31840
33334    594   1448     49     13    31885   1137  31885
33337    352    860     54      4    32476    515  32476
33345    603   1470     54      0    31874   3184  31874
33370    213    534     52      1    32835   4162  32835
33405    676   1652     52      1    31752   3131  31752
33475    338    823     64      1    32651    944  32651
33489    647   1591     77      4    31897      7  31897
33593    280    697     45     15    32895   4491  32895
33686     22     42     64     26    33643      1  33643
33805    321    775     45      3    33029   4801  33029
33809    325    782     55      0    33026   4818  33026
33913     96    223     63     25    33689      0  33689
34020    130    320     51     32    33699   2787  33699
34054    347    847     54     28    33206    482  33206
34102    525   1285     66     26    32816      0  32816
34167    165    404     68      0    33762    215  33762
34176    434   1065     59      0    33110   2369  33110
34180    436   1069     59      0    33110   2375  33110
34202    246    622     54     31    33579    491  33579
34260    180    452     54     32    33807    517  33807
34302    649   1592     56      1    32709   2086  32709
34346    575   1400     63      9    32945    274  32945
34695    584   1425     55     34    33269    478  33269
34703    309    744     70     16    33958      0  33958
34732    104    252     55     15    34479   1210  34479
34851    301    735     59     15    34115    985  34115
34874    488   1184     59      0    33689   3826  33689
34894     78    195     68      0    34698    379  34698
34896    311    752     53      9    34143   4313  34143
34903    153    382     58     27    34520      0  34520
34907    199    485     59      0    34421   4605  34421
35047    103    250     55      8    34796   5123  34796
35108    501   1217     56     30    33890   1099  33890
35116    507   1227     50     23    33888   4238  33888
35195     47    107     84     10    35087      0  35087
35227     92    214     61     22    35012    650  35012
35247     34     76     66     34    35170     61  35170
35290    152    379     68      0    34910   1992  34910
35383    368    905     62      9    34477    453  34477
35475    411   1018     62      0    34456   2365  34456
35502    245    619     65      0    34882    489  34882
35567    287    707     64     12    34859    469  34859
35616    472   1136     59     25    34479    473  34479
35694    156    388     67      9    35305    295  35305
35711    175    430     69      5    35280    509  35280
35760    366    899     63      0    34860   3111  34860
35780    182    455     60      1    35324   3604  35324
35986    588   1434     66      0    34551    494  34551
36050     14     22     79      0    36027     62  36027
36130    672   1646     64     24    34483      0  34483
36148    696   1698     62      9    34449    942  34449
36200     59    146     72      0    36053    843  36053
36203     94    219     81     28    35983      5  35983
36293     54    130     56     15    36162   5198  36162
36358    459   1114     99     10    35243      2  35243
36488    231    586     58     29    35901   2245  35901
36562    623   1524     63      7    35037   1486  35037
36571    629   1538     67      0    35032   1517  35032
36581    632   1547     68      0    35033   1518  35033
36642    552   1344     65      8    35297    467  35297
36734    443   1085     60     13    35648   2379  35648
36739    230    582     91     28    36156      0  36156
36743    444   1085     59     26    35657   2384  35657
36765    463   1117     61     10    35647   2407  35647
36858    573   1395     70      3    35462    269  35462
36872     38     83     71      0    36788    560  36788
36881    467   1130     59     22    35750   2690  35750
36914    377    921     70      0    35992   1232  35992
36922    381    929     62      8    35992   3004  35992
36929    385    943     65      0    35985   3012  35985
36942    177    439     62     27    36502    515  36502
37023    426   1046    101      1    35976      2  35976
37031    479   1161     70      0    35869   1361  35869
37085     68    166     67     14    36918    853  36918
37140    675   1651     57     11    35488   2809  35488
37184    589   1438     63     34    35745    495  35745
37232    615   1503     67     18    35728      7  35728
37280    698   1706     62      3    35573   3169  35573
37355    395    973     67      4    36381    989  36381
37375    304    739     72      0    36635   1906  36635
37572    378    921    100      4    36650      0  36650
37658    122    299     85     10    37358      1  37358
37662    169    414     75      0    37247   1942  37247
37684    631   1545     69      0    36138   1470  36138
37809    236    597     73      4    37211   1500  37211
37847    272    683     70      2    37163    459  37163
37891    451   1102     71      3    36788    472  36788
37925     39     84     87      0    37840    134  37840
37928    117    286     82      0    37641    244  37641
37942    574   1396     75      9    36545    273  36545
37971    558   1357     71      3    36613    472  36613
38009    364    892     66     10    37116   3103  37116
38036    116    281     69     24    37754    244  37754
38045    269    679     71      0    37365   3434  37365
38050    108    263     76      0    37786    938  37786
38057    266    672     61     34    37384   3426  37384
38077    477   1155     76      0    36921   1352  36921
38086    239    602     71     14    37483    481  37483
38139     42     92     78      0    38046    230  38046
38329    523   1275     76     10    37053    472  37053
38347     16     26     86      2    38320     68  38320
38379    391    962     68      6    37416   4156  37416
38413    188    467     71      1    37945   2188  37945
38455     30     69     73      1    38385     93  38385
38457     24     50     75      9    38406    107  38406
38527    518   1256     65      5    37270   1491  37270
38529    521   1270     69      0    37258   4263  37258
38641     13     18     80      2    38622    392  38622
38647    502   1222     71      7    37424   1099  37424
38755    548   1338     76      0    37416   1965  37416
38770    553   1344     68     17    37425   1964  37425
38782    215    538     73      8    38243    983  38243
38784     52    124     73     23    38659    114  38659
38794    238    598     72     14    38195   1815  38195
38806    430   1057     69      2    37748   2372  37748
38825    412   1018     75     14    37806      0  37806
38873    469   1134     70     14    37738    465  37738
38885    653   1603     69      6    37281   2103  37281
38899    461   1116     71      2    37782   2692  37782
38901    254    639     69      1    38261   3205  38261
38924    379    924     69      9    37999   3004  37999
38977    109    265     78      0    38711    941  38711
39037     65    158     72     34    38878    856  38878
39056    661   1622     79      0    37433    555  37433
39095    580   1413     67     11    37681   3087  37681
39134    106    256     79      0    38877   1215  38877
39151    139    344     81      5    38806    473  38806
39163    220    557     77      0    38605    226  38605
39180    684   1673     73      0    37506   3137  37506
39213    528   1291     78      0    37921    449  37921
39245    198    481     65     23    38763   4604  38763
39248     44     95     66     21    39152   5000  39152
39267    260    657     75      7    38609   1330  38609
39275    133    329     89     26    38945      0  38945
39352    613   1496     71     12    37855    779  37855
39455    297    727     84     13    38727      0  38727
39519    138    341     76     13    39177   1195  39177
39551    345    846     77      6    38704    473  38704
39663    465   1124     80      0    38538   2420  38538
39701    643   1580     73      6    38120   2079  38120
39714    569   1390     82      0    38323    254  38323
39737    356    867     86      1    38869    516  38869
39749    176    435     77      4    39313    514  39313
39767    183    460     74      4    39306   3609  39306
39804    480   1164     80      7    38639   1363  38639
39866    609   1486    102     12    38379      5  38379
39945    202    497     71     36    39447   4210  39447
39958    679   1658     78      0    38299   3134  38299
39975    300    735     79      5    39239    975  39239
40058     88    209     90      4    39848    136  39848
40064    257    646     78      0    39417   4655  39417
40083     55    132     71      9    39950   5201  39950
40118    253    637     76      6    39480   2061  39480
40136    515   1248     78      8    38887   1485  38887
40203    433   1063     78      7    39139    944  39139
40213    263    669     83     18    39543      0  39543
40238    235    592     80      5    39645   2261  39645
40242    233    589     79      3    39652   2252  39652
40269     41     90    104     15    40178      0  40178
40284    192    472     95      0    39811    235  39811
40307    351    859     82      2    39447    511  39447
40310    350    856     82      5    39453    509  39453
40360    332    802     80     12    39557   1250  39557
40375    422   1038     84      0    39336   2355  39336
40395    281    701     78      9    39693    455  39693
40435    572   1393     88      0    39041    266  39041
40445    255    639     80      7    39805   3210  39805
40453     67    162    102      0    40290    140  40290
40460    363    890     77      1    39569   3100  39569
40468    373    912     82      0    39555   3113  39555
40482    195    476     80      8    40005    272  40005
40534    407   1008     75     16    39525   3316  39525
40541    409   1014     73     23    39526   3315  39526
40545    222    557     91      0    39987    231  39987
40567    633   1552     93     25    39014      6  39014
40574    585   1425     85      0    39148    483  39148
40584    590   1441     88      0    39142    497  39142
40611    595   1448     73     14    39162   3171  39162
40764    498   1212     85      0    39551   1089  39551
40815    319    772     79      6    40042   4794  40042
40846    388    954     84     30    39891      0  39891
40868     85    204     85      1    40663    191  40663
40885    622   1524     85      0    39360   1481  39360
40903    636   1561     82     10    39341   1516  39341
40913    346    847     84     22    40065    477  40065
40936    544   1327     82      2    39608   1956  39608
40961    224    562     96      0    40398   1520  40398
40969    419   1033     86      0    39935   2355  39935
40979    249    630     84     34    40348    502  40348
40994    243    614     98     33    40379      6  40379
41028    187    462     90      0    40565    197  40565
41043    341    831     89     24    40211      4  40211
41128    536   1314     99     23    39813      0  39813
41152    600   1462     87      0    39689   3177  39689
41172    674   1648     88      0    39523   3125  39523
41176    132    325     95      0    40850    487  40850
41257    191    468     87      2    40788   2202  40788
41270    258    648     86      0    40621   4658  40621
41272     56    133     81      7    41138   5205  41138
41276     66    161     87      8    41114    136  41114
41327    295    721     93      2    40605      0  40605
41335    318    767     82      1    40567   4793  40567
41380    333    807     78     12    40572   4918  40572
41383     82    200     94     10    41182    185  41182
41396     51    124     98      1    41271    109  41271
41411    627   1535     84     11    39875   1510  39875
41443    566   1384     81     34    40058   1874  40058
41452    545   1329     83     19    40122   1959  40122
41456    223    562     91     15    40893   1515  40893
41479    449   1100     90      0    40378   2504  40378
41517    268    677     89      0    40839   3431  40839
41546    248    627     87     31    40918    501  40918
41567    662   1622     91      7    39944    550  39944
41604    564   1376     86     12    40227   1202  40227
41628    302    735     91      6    40892    980  40892
41643    692   1688    100      0    39954    571  39954
41657    289    710     91      0    40946   4314  40946
41679    374    915     86     38    40763   1057  40763
41681    186    462     81     12    41218   4775  41218
41693     89    210     97     20    41482    140  41482
41701    645   1587     95     17    40113      5  40113
41703    612   1494     93      0    40208    775  40208
41716    504   1227     86      8    40488   4228  40488
41736    509   1235     88     39    40500   1478  40500
41746     49    115     97     35    41630      4  41630
41814    554   1347     96      0    40466   1830  40466
41822    534   1309     94      0    40512   1901  40512
41829    546   1330     93      0    40498   1963  40498
41836    438   1073     93      0    40762   2376  40762
41839    470   1135     94      0    40703   2423  40703
41872     75    185     94     10    41686    190  41686
41877    365    894     96      0    40982   3106  40982
41889    111    270    101      0    41618    170  41618
41897    398    978     94      8    40918    243  40918
41901    485   1177     95      0    40723   3065  40723
41911    402    991     92      2    40919   3290  40919
41919     18     32     98      5    41886     47  41886
41939    671   1645     92      7    40293   2810  40293
41946    482   1171     96      1    40774   1367  40774
41978    131    322    101      0    41655    976  41655
41982    699   1707     95      0    40274   3173  40274
41992    313    758     96      1    41233    507  41233
42005    392    967     95      4    41037    981  41037
42017    136    334    103      0    41682    156  41682
42020    190    468     94     10    41551   2197  41551
42044    516   1252     99      0    40791   1486  40791
42066    420   1036     93      2    41029   1721  41029
42070    421   1036     94      8    41033   1726  41033
42073    330    795     96      1    41277   1247  41277
42080     79    196    101      0    41883    383  41883
42114    543   1325    103      0    40788    466  40788
42121    275    688     97      2    41432    459  41432
42126    284    704     96     12    41421    457  41421
42146    648   1591    100      0    40554   2082  40554
42154    267    675     98      0    41478   3428  41478
42159    399    983    104      0    41175    248  41175
42192    560   1363     98      2    40828   1191  40828
42194    561   1368     97      1    40825   1190  40825
42199    596   1452     92     34    40746   3172  40746
42201    496   1207     97      5    40993    294  40993
42214    695   1694    102      0    40519    936  40519
42216    292    712     89     23    41503   4324  41503
42220    218    548     95     25    41671    225  41671
42224    390    958     95      5    41265   4155  41265
42233    101    242     91     27    41990   5081  41990
42247    506   1227    103      0    41019   1476  41019
42250    526   1289     98      0    40960   4249  40960
42255     76    187    104      0    42067    650  42067
42257    324    780     89     14    41476   4815  41476
42276    142    352     95     27    41923   2511  41923
42285    630   1543    103      0    40741   1517  40741
42295    547   1333    104      0    40961   1839  40961
42300    532   1305    104      0    40994   1899  40994
42304    331    797    103      2    41506   1250  41506
42309    452   1103    104      4    41205    486  41205
42334    306    741    104      6    41592    509  41592
42344    666   1629    104      9    40714    567  40714
42348    680   1661     99     10    40686   2809  40686
42350    583   1421    101      1    40928    477  40928
42355     36     83    104     13    42271    170  42271
42358    688   1677     98     10    40680   3153  40680
42368    614   1498    104      2    40869    789  40869
42370    499   1214    101     12    41155   1092  41155
42373    323    777     94     23    41595   4808  41595
42376    369    905    102     23    41470      8  41470
42385    144    357     99     11    42027   2526  42027
42388    626   1530     98     11    40857   1505  40857
42398    644   1582    104      7    40815   2082  40815
42400    382    933    101      8    41466   3007  41466
42402    487   1182    101      4    41219   3065  41219
42405    326    784    102     20    41620    244  41620
42410    270    682    104      5    41727   4484  41727
42414    428   1049    103      8    41364   1752  41364
42418    641   1572    103      2    40845   2065  40845
Processes: 700
Avg WT = 25595.5,   Avg RT = 1323.26,   Avg TRT = 25595.5
Migration %:      RTF =2.14286% ,      MaxW = 596.857%
OverHeat %: 0%
Work Steal %: 496.571%
Forked Process %: 0%
Killed Process %: 0.428571%
Temination Before DeadLine %: 0%
Processors: 9 [4 FCFS, 3 SJF, 1 RR, 1 EDF]
Processors Load
p1=0%,  p2=0.00895822%,  p3=0.00847822%,  p4=0.00847264%,  p5=0.000100466%,  p6=0%,  p7=0%,  p8=0.185935%,  p9=0%
Processor Utiliz
p1=0%,  p2=3.78386%,  p3=3.58111%,  p4=3.57875%,  p5=0.0424358%,  p6=0%,  p7=0%,  p8=78.5369%,  p9=0%,  
Avg utilization = 9.94701%