2 1 2 1
3
3 40 21 8 17
127
4 1 104 369 2 (5,38) , (55,39)
5 2 40 18 0 
6 3 217 448 4 (2,29) , (28,6) , (63,15) , (213,28)
9 4 63 228 2 (0,2) , (59,3)
10 5 157 169 1 (33,6)
10 6 189 313 2 (19,22) , (117,38)
12 7 46 593 1 (36,10)
16 8 155 222 5 (16,7) , (42,7) , (72,20) , (97,29) , (70,35)
16 9 156 508 2 (24,29) , (89,23)
19 10 49 357 2 (2,10) , (31,14)
24 11 149 343 5 (5,32) , (21,34) , (38,10) , (64,26) , (30,1)
28 12 95 445 1 (47,4)
30 13 159 249 0 
34 14 38 497 0 
36 15 224 548 3 (14,2) , (44,24) , (24,18)
41 16 66 360 0 
43 17 35 291 0 
47 18 7 593 0 
48 19 122 309 2 (3,16) , (48,10)
48 20 29 274 0 
48 21 201 226 0 
48 22 157 445 4 (3,24) , (11,27) , (33,29) , (68,18)
51 23 246 253 4 (30,44) , (52,40) , (57,25) , (69,22)
54 24 182 194 0 
55 25 34 535 2 (3,44) , (31,8)
56 26 189 334 3 (20,24) , (25,33) , (84,26)
56 27 137 395 3 (4,16) , (13,44) , (104,31)
58 28 191 127 0 
61 29 164 560 1 (102,2)
65 30 163 409 1 (48,39)
67 31 205 256 0 
72 32 124 225 2 (13,6) , (61,22)
74 33 110 256 5 (3,15) , (19,47) , (31,14) , (32,36) , (45,16)
77 34 214 247 3 (13,28) , (16,13) , (67,22)
78 35 233 582 3 (13,35) , (23,31) , (114,4)
79 36 158 338 4 (0,17) , (21,39) , (30,32) , (22,41)
80 37 59 497 2 (1,5) , (23,5)
85 38 57 194 0 
85 39 193 474 1 (114,5)
85 40 235 114 2 (16,31) , (183,24)
87 41 241 135 5 (31,27) , (48,32) , (94,37) , (132,10) , (184,8)
89 42 239 260 5 (2,21) , (25,48) , (26,38) , (32,7) , (103,38)
90 43 132 124 4 (4,39) , (24,11) , (34,0) , (130,23)
95 44 24 538 1 (9,34)
96 45 46 560 1 (39,11)
97 46 215 99 2 (42,8) , (72,2)
98 47 47 357 3 (3,21) , (11,43) , (18,49)
98 48 246 600 4 (42,36) , (84,4) , (109,5) , (228,43)
100 49 97 431 4 (3,46) , (5,31) , (18,15) , (41,20)
103 50 128 383 0 
103 51 161 219 2 (6,38) , (69,42)
105 52 34 491 0 
110 53 230 701 0 
111 54 118 197 3 (21,15) , (37,24) , (103,17)
111 55 215 297 2 (38,48) , (10,47)
115 56 243 323 4 (34,15) , (80,18) , (125,12) , (230,38)
118 57 240 245 3 (44,1) , (63,31) , (8,24)
121 58 68 150 5 (12,32) , (13,2) , (18,16) , (23,47) , (12,35)
124 59 157 430 1 (98,4)
128 60 53 187 2 (5,29) , (45,40)
133 61 99 225 1 (74,12)
134 62 208 257 1 (10,42)
135 63 40 321 1 (7,18)
137 64 220 189 2 (35,11) , (144,18)
142 65 68 628 3 (2,11) , (6,18) , (48,47)
142 66 47 205 4 (0,9) , (4,22) , (6,12) , (8,11)
146 67 157 348 0 
147 68 166 511 3 (23,38) , (28,46) , (97,35)
148 69 163 736 0 
151 70 12 256 0 
151 71 92 446 0 
152 72 54 321 1 (25,19)
157 73 185 172 2 (11,7) , (157,12)
157 74 102 510 3 (3,39) , (9,45) , (96,32)
161 75 51 213 1 (44,6)
161 76 207 465 2 (36,42) , (111,15)
161 77 49 754 0 
163 78 234 665 1 (132,40)
165 79 148 370 3 (18,38) , (38,38) , (139,49)
169 80 54 287 3 (0,46) , (0,9) , (11,25)
174 81 161 738 1 (13,36)
178 82 35 544 5 (6,11) , (6,4) , (11,21) , (11,4) , (5,33)
178 83 156 688 3 (7,34) , (19,11) , (79,42)
179 84 197 611 5 (4,15) , (38,6) , (50,46) , (50,4) , (27,31)
183 85 225 183 0 
187 86 105 715 0 
190 87 184 595 1 (20,20)
192 88 126 425 1 (103,29)
192 89 217 666 0 
197 90 28 719 4 (4,48) , (8,31) , (12,13) , (5,41)
200 91 25 254 1 (7,24)
202 92 80 790 5 (6,49) , (16,32) , (30,15) , (38,29) , (17,4)
203 93 254 430 2 (44,30) , (7,5)
205 94 213 350 3 (24,42) , (63,3) , (59,35)
209 95 14 603 1 (0,10)
211 96 44 304 3 (0,28) , (2,42) , (42,14)
212 97 27 246 2 (2,42) , (14,32)
213 98 193 712 2 (4,44) , (20,27)
215 99 241 246 0 
220 100 137 362 0 
224 101 165 744 1 (44,0)
225 102 75 302 0 
229 103 157 368 5 (10,38) , (29,47) , (39,21) , (68,5) , (108,4)
234 104 87 291 0 
235 105 175 811 0 
237 106 59 829 1 (55,32)
241 107 77 527 5 (6,46) , (11,46) , (21,3) , (21,0) , (24,35)
246 108 128 435 4 (8,37) , (28,2) , (31,42) , (125,30)
246 109 152 582 3 (6,5) , (34,27) , (149,25)
247 110 58 524 3 (4,22) , (5,7) , (56,30)
249 111 247 270 1 (147,38)
249 112 190 314 5 (26,31) , (33,28) , (55,23) , (87,28) , (174,31)
250 113 25 530 0 
250 114 166 327 4 (11,18) , (14,35) , (44,7) , (104,6)
253 115 149 665 2 (2,10) , (46,41)
255 116 49 368 5 (5,41) , (11,30) , (13,37) , (15,37) , (32,19)
256 117 133 657 4 (8,11) , (13,49) , (19,1) , (7,29)
259 118 92 741 5 (14,24) , (28,39) , (41,31) , (46,43) , (24,42)
262 119 154 293 2 (21,26) , (114,39)
266 120 34 404 0 
267 121 9 742 0 
269 122 237 532 0 
274 123 190 684 3 (36,18) , (63,14) , (35,47)
275 124 125 595 4 (16,43) , (16,35) , (21,1) , (22,5)
276 125 63 825 5 (11,2) , (14,46) , (16,20) , (21,29) , (47,17)
277 126 203 391 1 (159,7)
279 127 93 721 4 (10,11) , (25,8) , (40,0) , (20,5)
