3   2   4   5
2
4  50  1000  10  20
20
1    1    10    100   0   
1    2    11    100   1   (5,5)
2    3    120    90    2   (5,5),(12,3)
2    4    70    90    0
3    5    66    80    1   (5,5)
3    6    77    80    0
4    7    80    70    1   (5,5)
4    8    70    70    1   (5,5)
5    9    100    60    1   (5,5)
5    10   200    60    1   (5,5)
6    11   156    50    1   (5,5)
6    12   147    50    1   (5,5)
7    13   152    40    1   (5,5)
7    14   201    40    1   (5,5)
8    15   236    30    1   (5,5)
8    16   124    30    1   (5,5)
9    17   248    20    1   (5,5)
9    18   255    20    1   (5,5)
10   19   260    10    1   (5,5)
10   20   247    10    1   (5,5)





