1 4 0 1
6
1 19 108 11 8
188
1 1 92 460 5 (9,24) , (13,7) , (13,45) , (20,7) , (56,40)
3 2 230 265 3 (5,23) , (10,13) , (148,3)
3 3 247 505 2 (5,42) , (246,11)
6 4 40 109 5 (7,21) , (9,6) , (9,38) , (13,43) , (31,34)
10 5 197 463 3 (38,10) , (56,41) , (82,25)
10 6 110 378 0 
10 7 223 352 4 (21,2) , (22,5) , (41,6) , (124,16)
15 8 210 159 1 (123,35)
18 9 8 251 5 (0,38) , (0,4) , (0,36) , (0,23) , (1,35)
23 10 231 31 3 (3,44) , (31,44) , (75,4)
27 11 188 340 4 (36,33) , (67,46) , (79,32) , (79,22)
31 12 159 56 4 (23,6) , (39,36) , (62,23) , (41,42)
31 13 167 57 1 (14,44)
36 14 245 400 0 
40 15 90 347 0 
45 16 190 539 1 (7,46)
45 17 86 564 2 (2,25) , (80,1)
45 18 54 547 2 (1,26) , (47,0)
48 19 134 123 3 (11,27) , (21,30) , (48,35)
51 20 245 497 5 (36,45) , (36,39) , (43,6) , (65,15) , (154,31)
53 21 241 450 0 
54 22 55 232 2 (7,34) , (11,16)
55 23 222 364 3 (13,38) , (16,19) , (169,25)
55 24 226 231 4 (36,8) , (66,10) , (89,24) , (127,33)
59 25 8 464 0 
63 26 160 215 2 (18,8) , (41,15)
67 27 54 206 2 (3,17) , (22,12)
67 28 180 436 5 (21,10) , (30,39) , (35,32) , (55,19) , (59,35)
70 29 142 117 1 (86,20)
72 30 115 493 4 (19,7) , (22,22) , (44,1) , (89,48)
74 31 23 426 5 (0,27) , (3,23) , (6,25) , (8,16) , (16,14)
77 32 218 236 2 (12,8) , (186,45)
77 33 107 267 0 
77 34 69 436 5 (0,27) , (10,10) , (21,38) , (30,10) , (53,29)
79 35 181 571 0 
79 36 42 259 1 (6,37)
81 37 133 422 2 (25,41) , (5,38)
82 38 142 113 3 (4,39) , (4,15) , (34,25)
83 39 88 462 3 (0,33) , (3,30) , (21,33)
86 40 207 520 0 
88 41 95 383 5 (3,11) , (6,31) , (16,46) , (24,33) , (20,16)
90 42 238 152 1 (83,18)
91 43 226 187 4 (7,49) , (32,40) , (71,46) , (31,37)
94 44 113 494 2 (1,4) , (33,28)
97 45 220 529 2 (15,20) , (84,3)
98 46 15 428 5 (2,0) , (3,48) , (4,37) , (5,40) , (0,14)
99 47 43 293 2 (7,46) , (15,14)
101 48 253 120 5 (46,45) , (88,8) , (112,13) , (156,1) , (30,13)
104 49 58 347 3 (4,25) , (9,10) , (53,36)
106 50 24 645 1 (19,27)
109 51 213 267 4 (20,44) , (37,34) , (60,47) , (56,23)
113 52 50 702 1 (33,5)
116 53 187 432 0 
117 54 29 647 5 (1,7) , (3,6) , (4,9) , (6,3) , (23,49)
119 55 244 712 1 (135,0)
120 56 19 620 2 (0,37) , (5,8)
125 57 198 292 4 (27,16) , (50,12) , (67,15) , (98,24)
130 58 12 524 0 
131 59 69 181 1 (33,10)
135 60 212 685 5 (5,7) , (8,23) , (14,44) , (17,36) , (50,26)
135 61 137 296 2 (22,30) , (112,15)
135 62 127 696 3 (11,42) , (30,36) , (52,29)
136 63 126 422 0 
140 64 213 598 5 (7,23) , (42,28) , (71,43) , (112,41) , (43,15)
144 65 175 548 0 
145 66 79 695 0 
149 67 85 726 0 
152 68 138 604 2 (13,11) , (132,0)
155 69 198 542 5 (21,38) , (43,1) , (60,34) , (73,35) , (87,29)
157 70 134 411 3 (23,48) , (24,3) , (72,32)
157 71 96 625 4 (2,0) , (18,28) , (23,24) , (50,34)
162 72 193 371 5 (33,21) , (50,21) , (72,46) , (108,45) , (168,1)
167 73 85 228 1 (61,32)
170 74 24 391 5 (0,12) , (0,34) , (1,49) , (4,25) , (10,5)
170 75 131 191 2 (9,48) , (68,7)
175 76 240 485 4 (23,19) , (65,10) , (96,2) , (182,7)
177 77 87 241 0 
178 78 158 228 2 (3,11) , (127,48)
179 79 199 240 1 (186,5)
182 80 13 772 5 (1,11) , (2,23) , (2,36) , (2,10) , (11,14)
184 81 16 410 5 (2,49) , (2,11) , (3,39) , (3,0) , (3,49)
187 82 226 230 2 (16,2) , (127,38)
187 83 180 496 1 (134,8)
188 84 194 644 0 
190 85 71 326 4 (6,33) , (11,1) , (22,5) , (19,29)
191 86 93 360 2 (12,10) , (49,31)
192 87 121 464 2 (2,0) , (38,14)
192 88 235 561 1 (137,48)
193 89 192 459 0 
195 90 203 300 4 (19,20) , (53,34) , (82,6) , (82,40)
195 91 23 433 2 (3,32) , (12,2)
199 92 129 489 5 (16,24) , (22,32) , (31,0) , (53,17) , (17,16)
202 93 208 763 1 (41,4)
207 94 183 756 4 (21,29) , (46,33) , (79,28) , (113,44)
209 95 120 757 0 
214 96 106 603 0 
219 97 114 365 4 (7,14) , (28,14) , (34,0) , (110,44)
221 98 80 418 2 (4,44) , (14,9)
221 99 139 390 4 (0,48) , (21,21) , (34,17) , (86,25)
221 100 37 624 3 (1,30) , (1,5) , (0,44)
223 101 134 505 5 (23,49) , (27,32) , (31,49) , (49,0) , (14,0)
227 102 64 445 1 (54,36)
230 103 33 738 2 (5,16) , (1,11)
234 104 52 831 1 (32,28)
238 105 77 279 0 
241 106 88 517 0 
244 107 168 370 1 (34,12)
247 108 175 502 4 (4,7) , (31,4) , (63,41) , (84,37)
249 109 90 513 3 (11,3) , (20,31) , (8,1)
254 110 74 652 4 (9,1) , (19,5) , (30,14) , (39,32)
259 111 23 398 3 (2,1) , (3,36) , (10,26)
261 112 164 598 2 (6,31) , (39,22)
265 113 162 540 3 (1,40) , (4,4) , (27,2)
268 114 94 423 4 (13,2) , (15,42) , (20,29) , (22,16)
272 115 238 312 2 (3,19) , (82,32)
276 116 78 666 5 (6,19) , (13,25) , (18,21) , (27,20) , (36,33)
276 117 252 664 2 (41,35) , (197,38)
277 118 249 396 0 
277 119 250 710 3 (12,19) , (42,18) , (7,38)
277 120 102 632 3 (5,20) , (8,46) , (68,42)
281 121 68 351 3 (7,43) , (15,27) , (26,9)
282 122 200 596 2 (31,14) , (178,20)
283 123 197 787 4 (23,10) , (36,6) , (38,2) , (172,13)
286 124 156 825 0 
286 125 129 320 4 (11,37) , (23,29) , (25,7) , (124,14)
287 126 37 508 4 (6,2) , (12,13) , (15,31) , (20,7)
288 127 132 587 2 (7,47) , (89,43)
291 128 148 870 1 (107,13)
294 129 173 849 4 (24,16) , (25,18) , (58,24) , (28,6)
296 130 65 591 0 
297 131 140 370 3 (27,29) , (31,20) , (2,8)
302 132 97 315 1 (58,29)
303 133 56 611 4 (4,10) , (7,0) , (15,4) , (28,0)
304 134 139 645 5 (23,29) , (30,39) , (56,16) , (62,14) , (22,27)
307 135 200 666 2 (13,19) , (194,29)
309 136 119 562 1 (105,20)
312 137 88 357 4 (13,22) , (13,2) , (14,22) , (23,25)
314 138 57 873 5 (0,38) , (0,28) , (7,48) , (10,1) , (2,33)
316 139 237 816 2 (44,45) , (226,46)
318 140 228 695 2 (5,27) , (9,8)
319 141 114 376 0 
319 142 43 751 2 (1,32) , (0,21)
323 143 252 494 3 (28,43) , (62,31) , (183,9)
325 144 91 712 1 (49,23)
329 145 97 587 1 (32,30)
334 146 33 361 5 (3,40) , (6,42) , (11,45) , (12,15) , (29,33)
339 147 37 437 2 (0,0) , (10,11)
339 148 101 502 4 (18,11) , (18,48) , (20,31) , (91,17)
339 149 33 438 4 (5,8) , (6,32) , (6,13) , (28,31)
340 150 73 621 4 (12,41) , (12,21) , (15,31) , (30,41)
345 151 164 634 0 
348 152 79 883 0 
349 153 59 610 4 (7,18) , (13,36) , (15,42) , (33,25)
349 154 210 456 4 (6,12) , (18,13) , (32,43) , (1,32)
352 155 242 446 3 (41,41) , (42,25) , (134,10)
352 156 165 770 2 (4,7) , (114,33)
355 157 210 505 0 
360 158 114 597 3 (11,28) , (27,2) , (12,34)
365 159 135 531 0 
369 160 221 674 5 (15,48) , (49,23) , (81,17) , (107,7) , (156,10)
371 161 224 874 4 (33,12) , (54,45) , (90,18) , (141,26)
376 162 183 793 2 (22,44) , (25,21)
376 163 224 390 0 
381 164 158 940 4 (16,26) , (34,25) , (59,27) , (15,49)
383 165 38 571 1 (36,46)
387 166 11 438 3 (0,16) , (1,35) , (0,11)
387 167 162 419 5 (28,42) , (29,3) , (57,46) , (57,41) , (37,3)
387 168 74 621 0 
389 169 220 893 1 (88,20)
391 170 194 863 2 (17,5) , (136,17)
393 171 110 646 3 (5,15) , (19,4) , (56,33)
394 172 193 791 2 (19,45) , (23,20)
394 173 50 791 5 (1,30) , (2,30) , (6,48) , (10,5) , (47,17)
398 174 193 659 4 (33,37) , (57,7) , (58,26) , (96,14)
400 175 108 470 5 (20,38) , (30,18) , (49,21) , (51,18) , (37,48)
400 176 76 425 5 (6,13) , (17,42) , (18,42) , (26,38) , (21,22)
404 177 83 730 0 
409 178 134 618 1 (89,24)
411 179 119 898 0 
416 180 76 633 3 (14,21) , (24,39) , (35,9)
421 181 86 547 2 (13,8) , (50,10)
426 182 157 519 0 
427 183 131 881 0 
428 184 106 666 1 (5,48)
429 185 67 699 3 (5,38) , (16,27) , (15,42)
434 186 222 577 5 (3,16) , (5,36) , (14,38) , (15,26) , (25,25)
439 187 42 530 4 (4,41) , (10,4) , (14,15) , (7,16)
441 188 71 801 0 
125 156
353 63
301 5
175 117
356 172
