2 1 0 3
4
3 46 40 15 16
212
1 1 62 212 2 (6,28) , (32,2)
6 2 7 68 5 (3,9) , (4,22) , (5,4) , (6,23) , (7,6)
6 3 118 201 5 (6,30) , (29,5) , (48,5) , (66,9) , (72,7)
9 4 151 173 2 (18,25) , (52,2)
13 5 43 172 3 (6,14) , (11,24) , (11,3)
14 6 124 290 1 (98,10)
19 7 78 213 4 (17,14) , (22,19) , (30,22) , (35,2)
23 8 122 298 0 
26 9 111 242 1 (31,10)
31 10 87 255 4 (13,6) , (14,16) , (19,21) , (45,8)
33 11 98 158 2 (7,15) , (88,6)
33 12 100 260 5 (4,4) , (21,22) , (27,14) , (37,24) , (53,8)
37 13 25 331 2 (4,27) , (6,10)
38 14 86 307 1 (9,10)
43 15 104 405 3 (3,20) , (23,28) , (71,3)
43 16 141 123 5 (4,22) , (27,25) , (29,1) , (42,14) , (160,3)
43 17 135 430 3 (26,27) , (45,25) , (168,10)
43 18 141 164 1 (23,7)
44 19 150 338 5 (26,15) , (35,18) , (47,19) , (58,18) , (151,5)
45 20 90 345 4 (5,15) , (10,22) , (28,18) , (72,3)
47 21 126 278 3 (24,23) , (43,20) , (119,8)
51 22 103 394 5 (6,25) , (7,15) , (10,22) , (18,9) , (72,2)
56 23 137 164 5 (18,7) , (42,12) , (47,27) , (58,8) , (114,10)
57 24 153 404 5 (22,25) , (43,26) , (44,21) , (64,12) , (92,5)
60 25 135 398 1 (82,6)
63 26 77 67 4 (4,25) , (15,28) , (19,23) , (25,3)
64 27 141 445 1 (38,5)
68 28 120 189 0 
73 29 152 169 5 (31,19) , (52,22) , (80,10) , (88,3) , (108,1)
75 30 94 194 5 (13,12) , (16,3) , (30,23) , (39,19) , (91,9)
79 31 91 113 0 
82 32 68 153 3 (6,19) , (13,14) , (30,6)
83 33 86 389 1 (9,3)
83 34 88 341 3 (7,19) , (14,8) , (70,8)
88 35 120 119 5 (10,16) , (20,18) , (36,29) , (60,13) , (112,9)
90 36 84 293 2 (13,22) , (74,3)
95 37 19 409 5 (4,25) , (5,6) , (6,29) , (8,8) , (23,10)
99 38 16 311 0 
101 39 19 253 2 (5,11) , (21,2)
104 40 91 470 0 
105 41 21 386 0 
107 42 128 453 4 (17,17) , (18,10) , (23,5) , (134,1)
108 43 139 223 2 (6,12) , (69,8)
108 44 142 444 0 
109 45 135 466 5 (11,13) , (12,8) , (38,26) , (65,7) , (150,3)
109 46 22 318 1 (8,1)
111 47 128 134 4 (5,21) , (15,22) , (30,23) , (145,4)
116 48 130 428 1 (80,1)
117 49 120 195 1 (101,1)
122 50 120 377 3 (18,26) , (35,13) , (70,6)
123 51 110 196 1 (110,9)
123 52 114 312 4 (6,1) , (11,10) , (15,19) , (90,3)
125 53 100 131 2 (7,18) , (41,9)
129 54 42 232 3 (8,3) , (13,14) , (22,3)
129 55 48 158 0 
131 56 119 146 4 (21,28) , (28,4) , (29,29) , (142,1)
134 57 77 422 4 (5,4) , (20,7) , (28,8) , (41,1)
137 58 110 317 4 (16,15) , (23,30) , (28,1) , (103,5)
137 59 74 453 4 (12,17) , (19,28) , (21,17) , (33,9)
142 60 111 466 1 (88,2)
144 61 25 371 3 (3,15) , (5,9) , (11,10)
144 62 117 223 5 (10,14) , (13,12) , (25,18) , (34,24) , (84,3)
148 63 128 499 5 (7,26) , (20,21) , (22,5) , (47,21) , (50,7)
153 64 87 322 5 (12,5) , (28,14) , (44,10) , (48,25) , (76,7)
156 65 31 191 3 (7,20) , (9,24) , (11,8)
159 66 91 426 4 (14,16) , (20,29) , (38,27) , (51,8)
163 67 140 495 0 
166 68 52 338 1 (22,6)
166 69 31 367 2 (4,8) , (9,10)
170 70 47 190 4 (10,29) , (16,8) , (21,24) , (54,8)
173 71 88 479 2 (12,2) , (74,8)
177 72 70 495 3 (15,1) , (19,3) , (46,5)
180 73 108 459 4 (16,2) , (37,30) , (50,19) , (128,4)
180 74 73 424 2 (8,17) , (17,5)
181 75 74 334 4 (11,27) , (25,18) , (28,16) , (70,5)
184 76 37 486 5 (7,6) , (11,17) , (14,29) , (19,27) , (39,9)
189 77 11 452 2 (3,8) , (2,10)
189 78 115 191 1 (98,1)
191 79 46 525 5 (7,22) , (16,18) , (25,30) , (31,2) , (67,5)
194 80 51 224 3 (5,2) , (10,5) , (36,10)
198 81 117 493 2 (11,30) , (103,2)
203 82 14 538 0 
206 83 93 366 5 (15,4) , (30,25) , (32,8) , (33,15) , (93,4)
209 84 125 265 4 (10,27) , (20,24) , (24,1) , (119,3)
209 85 21 416 4 (6,18) , (7,11) , (8,19) , (15,3)
211 86 142 235 0 
211 87 80 526 3 (15,22) , (26,30) , (37,7)
216 88 16 525 5 (4,28) , (6,14) , (7,28) , (9,13) , (16,8)
217 89 15 594 1 (6,4)
218 90 100 519 5 (6,9) , (21,29) , (32,23) , (38,29) , (105,7)
222 91 27 222 0 
226 92 109 300 4 (18,24) , (27,1) , (47,30) , (60,9)
230 93 43 593 5 (9,15) , (15,18) , (21,27) , (23,12) , (28,8)
235 94 87 494 0 
238 95 93 451 1 (27,2)
240 96 96 305 0 
241 97 14 429 2 (3,9) , (9,4)
244 98 101 365 2 (17,27) , (100,10)
245 99 150 258 2 (25,14) , (140,1)
245 100 11 624 2 (3,26) , (8,2)
246 101 33 379 0 
246 102 59 582 5 (9,25) , (17,26) , (28,24) , (35,10) , (66,9)
247 103 16 536 3 (3,15) , (5,1) , (4,9)
252 104 46 415 2 (11,30) , (14,7)
256 105 108 409 5 (20,2) , (23,25) , (39,6) , (55,22) , (71,1)
257 106 59 261 4 (9,22) , (15,23) , (19,5) , (58,2)
259 107 99 290 5 (8,27) , (23,6) , (24,11) , (25,22) , (62,6)
262 108 63 381 0 
262 109 80 505 3 (3,12) , (18,25) , (63,3)
264 110 126 555 1 (120,6)
264 111 37 278 0 
267 112 75 348 3 (13,19) , (25,1) , (88,3)
268 113 120 502 0 
268 114 89 407 1 (13,8)
270 115 83 318 0 
272 116 69 634 1 (13,1)
277 117 131 496 5 (9,23) , (32,11) , (53,25) , (72,6) , (144,5)
279 118 133 627 1 (68,8)
279 119 6 575 5 (3,2) , (4,7) , (5,19) , (6,29) , (9,5)
281 120 137 453 0 
286 121 103 549 2 (21,19) , (41,9)
286 122 64 360 2 (9,30) , (31,5)
289 123 38 453 4 (6,4) , (7,20) , (8,1) , (41,7)
294 124 136 514 2 (21,13) , (26,8)
294 125 42 468 0 
295 126 140 602 5 (13,17) , (23,14) , (43,1) , (70,12) , (95,2)
298 127 27 457 4 (7,17) , (9,7) , (11,26) , (26,5)
300 128 112 680 4 (13,19) , (27,30) , (42,7) , (130,3)
305 129 96 459 1 (15,9)
309 130 153 609 1 (149,10)
311 131 77 469 4 (16,2) , (21,16) , (22,8) , (55,4)
315 132 71 529 5 (11,4) , (19,26) , (29,13) , (42,5) , (61,7)
317 133 30 624 5 (6,26) , (8,10) , (10,21) , (15,25) , (27,6)
322 134 86 708 1 (29,4)
322 135 128 342 4 (4,17) , (22,28) , (27,30) , (56,1)
326 136 84 442 3 (17,20) , (18,9) , (64,7)
330 137 81 418 5 (3,7) , (10,8) , (24,19) , (38,7) , (102,9)
331 138 114 359 5 (20,22) , (42,3) , (61,24) , (80,12) , (165,8)
331 139 91 337 0 
334 140 118 582 1 (57,6)
338 141 84 572 4 (9,7) , (16,15) , (26,5) , (41,9)
339 142 91 456 4 (7,8) , (25,22) , (32,4) , (31,10)
344 143 143 725 5 (16,16) , (31,25) , (56,30) , (78,24) , (207,1)
347 144 146 728 1 (76,5)
350 145 110 683 2 (19,16) , (68,7)
354 146 99 501 2 (5,18) , (71,6)
354 147 105 697 2 (21,20) , (117,8)
355 148 21 362 5 (4,16) , (7,12) , (10,23) , (13,30) , (30,3)
355 149 116 722 4 (21,6) , (28,10) , (46,19) , (86,5)
357 150 18 520 0 
361 151 133 586 4 (28,29) , (50,16) , (67,16) , (111,6)
364 152 14 611 2 (3,20) , (7,1)
366 153 36 680 2 (5,14) , (33,7)
371 154 57 376 2 (9,9) , (12,10)
371 155 102 764 3 (18,29) , (31,24) , (57,1)
376 156 102 435 3 (21,9) , (40,8) , (125,6)
379 157 103 681 0 
380 158 93 546 5 (15,16) , (25,24) , (35,24) , (39,2) , (58,1)
385 159 147 500 3 (3,29) , (11,16) , (97,5)
389 160 148 530 1 (16,8)
393 161 117 438 3 (9,27) , (18,28) , (29,5)
396 162 12 622 1 (2,4)
398 163 134 461 5 (7,20) , (23,18) , (35,14) , (43,13) , (90,7)
400 164 142 595 5 (17,13) , (39,16) , (56,3) , (62,12) , (114,4)
404 165 87 738 5 (7,3) , (18,1) , (19,9) , (31,9) , (96,6)
408 166 127 728 0 
411 167 114 663 1 (62,3)
415 168 142 760 0 
415 169 31 765 5 (3,10) , (8,29) , (14,18) , (19,10) , (32,3)
419 170 8 448 4 (3,9) , (4,3) , (5,23) , (9,9)
420 171 98 744 1 (7,3)
421 172 10 534 1 (10,5)
425 173 37 750 3 (6,18) , (8,11) , (37,8)
426 174 71 520 1 (23,1)
426 175 77 489 5 (16,25) , (30,23) , (31,16) , (41,14) , (58,2)
427 176 92 605 3 (14,5) , (31,11) , (55,1)
429 177 51 817 2 (8,16) , (49,7)
434 178 142 461 3 (6,15) , (7,29) , (59,3)
434 179 123 476 3 (3,29) , (24,15) , (128,5)
434 180 105 710 0 
435 181 141 826 1 (108,8)
439 182 113 440 3 (22,16) , (33,26) , (118,6)
439 183 114 590 1 (65,2)
444 184 33 531 4 (5,29) , (9,5) , (13,23) , (37,4)
448 185 32 491 0 
452 186 72 847 2 (8,19) , (22,8)
452 187 34 700 3 (8,5) , (10,14) , (10,10)
453 188 135 464 2 (10,18) , (105,2)
453 189 150 662 0 
456 190 107 529 0 
458 191 113 797 3 (10,20) , (30,21) , (93,9)
462 192 102 564 1 (43,10)
465 193 105 706 0 
466 194 71 787 1 (51,3)
470 195 67 612 1 (24,8)
471 196 28 778 3 (3,11) , (4,29) , (6,5)
471 197 52 574 4 (4,14) , (8,5) , (18,2) , (42,3)
473 198 61 815 0 
478 199 139 834 4 (3,21) , (11,24) , (17,14) , (140,8)
481 200 100 845 3 (13,11) , (17,2) , (52,4)
484 201 72 657 5 (5,20) , (15,14) , (26,16) , (28,6) , (27,10)
485 202 132 647 0 
490 203 145 843 2 (18,1) , (44,1)
490 204 138 564 3 (23,19) , (46,25) , (125,6)
490 205 146 523 4 (10,28) , (26,20) , (50,9) , (176,2)
493 206 112 773 4 (14,13) , (17,7) , (36,30) , (80,7)
494 207 143 776 5 (24,2) , (49,20) , (77,14) , (100,5) , (231,10)
496 208 107 593 3 (19,29) , (32,30) , (117,6)
501 209 57 710 5 (13,3) , (22,26) , (33,25) , (38,26) , (40,4)
505 210 40 760 2 (8,22) , (43,5)
508 211 95 768 5 (14,27) , (15,22) , (22,30) , (37,27) , (74,8)
509 212 49 714 5 (8,19) , (14,11) , (16,26) , (21,17) , (46,7)
