10 10 10
10
4 50 3 10 12
40
1 1 20 0 
1 2 35 0
2 3 134 2 (10,2) , (62,20) 
2 4 60 3 (12,2) , (22,5) , (30,2) 
2 5 50 0 
3 6 200 2 (19,22) , (162,20) 
3 7 56 0 
3 8 134 2 (11,19) , (82,20) 
4 9 60 0 
4 10 50 0 
5 11 200 2 (10,25) , (122,20) 
5 12 56 0
5 13 134 0 
5 14 60 0 
5 15 50 0 
5 16 100 3 (11,2) , (22,5) , (30,2) 
5 17 56 0 
6 18 134 0 
7 19 60 0 
7 20 13 0
8 21 12 0 
10 22 44 3 (8,2) , (22,5) , (30,2)
12 23 55 0 
12 24 35 0
13 25 10 0 
16 26 59 1 (30,2)
20 27 47 0 
20 28 23 0
21 29 34 0 
25 30 56 3 (7,2) , (22,5) , (30,2)
33 31 10 0 
41 32 59 2  (22,5) , (30,2)
44 33 47 0 
45 34 13 0
46 35 74 0
47 36 20 0 
47 37 110 3 (11,2) , (22,5) , (30,2)
50 38 10 0 
60 39 26 0
70 40 54 0 
19 35
50 22



