5 5 1 3
6
5 3 103 9 16
115
5 1 24 82 4 (5,1) , (9,25) , (13,16) , (30,2)
6 2 81 238 0 
10 3 130 102 1 (33,1)
12 4 121 57 1 (24,7)
13 5 115 27 0 
14 6 72 123 5 (5,27) , (8,10) , (17,30) , (24,8) , (30,7)
15 7 107 376 1 (67,9)
15 8 87 235 4 (19,15) , (35,21) , (45,22) , (49,6)
19 9 145 125 0 
24 10 66 337 4 (10,9) , (12,23) , (14,7) , (26,10)
29 11 103 140 5 (15,15) , (19,25) , (26,7) , (46,7) , (48,9)
30 12 141 190 5 (26,13) , (32,4) , (44,22) , (63,21) , (109,1)
32 13 49 321 1 (31,9)
36 14 8 354 1 (2,8)
40 15 104 274 2 (9,30) , (106,7)
41 16 35 433 3 (3,15) , (5,1) , (35,4)
42 17 26 352 1 (18,8)
46 18 53 386 4 (8,26) , (18,16) , (27,19) , (61,2)
46 19 135 80 3 (14,30) , (36,6) , (57,2)
46 20 90 213 2 (7,26) , (37,5)
46 21 65 318 3 (7,10) , (9,3) , (35,1)
48 22 52 191 0 
48 23 35 274 2 (3,7) , (2,9)
52 24 104 428 5 (18,19) , (20,22) , (40,18) , (60,27) , (64,8)
54 25 16 444 5 (5,26) , (7,3) , (9,18) , (10,12) , (19,1)
59 26 137 376 4 (9,9) , (21,10) , (29,24) , (135,5)
63 27 117 292 0 
66 28 33 242 0 
70 29 63 147 5 (13,27) , (25,26) , (28,6) , (34,22) , (47,9)
72 30 88 280 0 
73 31 19 350 0 
75 32 20 287 1 (12,4)
80 33 6 134 1 (6,4)
84 34 150 232 0 
88 35 110 482 4 (13,1) , (34,19) , (38,22) , (142,5)
88 36 11 259 0 
90 37 91 93 4 (3,6) , (7,25) , (25,24) , (108,4)
93 38 5 389 1 (3,8)
93 39 92 155 4 (6,11) , (17,17) , (21,19) , (24,4)
94 40 111 185 5 (16,8) , (28,18) , (47,24) , (51,11) , (67,5)
99 41 105 185 1 (93,1)
100 42 56 392 3 (13,1) , (18,15) , (63,9)
102 43 75 328 4 (13,30) , (21,25) , (31,26) , (81,6)
102 44 107 409 5 (22,16) , (29,23) , (48,6) , (55,3) , (160,2)
107 45 22 212 2 (4,24) , (23,3)
109 46 146 264 5 (24,19) , (28,25) , (33,21) , (39,18) , (118,3)
111 47 7 224 4 (3,15) , (4,21) , (5,26) , (10,9)
111 48 102 157 1 (18,9)
115 49 52 368 5 (7,9) , (12,22) , (20,15) , (29,16) , (51,4)
115 50 121 176 1 (11,7)
116 51 70 214 2 (16,23) , (44,5)
118 52 52 295 4 (10,9) , (15,5) , (21,10) , (45,3)
123 53 101 283 2 (7,28) , (93,8)
127 54 95 468 5 (21,2) , (38,30) , (50,5) , (66,22) , (118,6)
127 55 49 390 1 (40,8)
127 56 10 295 4 (4,15) , (6,15) , (8,19) , (8,9)
129 57 62 499 4 (3,16) , (14,21) , (23,8) , (77,1)
130 58 154 189 0 
132 59 5 143 4 (3,5) , (4,28) , (5,8) , (6,4)
134 60 38 196 2 (5,13) , (24,3)
134 61 77 235 0 
137 62 105 161 4 (4,5) , (24,21) , (37,26) , (53,1)
139 63 66 339 0 
143 64 28 436 5 (7,23) , (8,8) , (10,22) , (13,12) , (34,3)
145 65 25 467 4 (7,25) , (8,7) , (13,1) , (31,10)
149 66 129 450 3 (9,23) , (22,25) , (97,3)
150 67 6 216 0 
154 68 22 532 0 
155 69 106 509 2 (14,15) , (73,8)
159 70 122 393 5 (24,25) , (44,17) , (48,4) , (63,26) , (167,10)
162 71 87 365 3 (10,1) , (18,5) , (74,8)
165 72 101 505 3 (4,9) , (15,26) , (29,5)
169 73 21 503 2 (6,12) , (15,6)
174 74 65 561 0 
179 75 84 370 2 (15,14) , (31,5)
181 76 150 510 5 (12,20) , (16,11) , (19,17) , (26,2) , (122,1)
186 77 79 356 3 (12,12) , (13,19) , (16,10)
187 78 95 379 0 
192 79 135 218 0 
193 80 68 574 0 
193 81 20 370 4 (4,15) , (7,27) , (11,26) , (24,7)
194 82 24 217 3 (6,12) , (7,6) , (6,1)
198 83 66 322 3 (10,18) , (16,20) , (26,9)
203 84 40 489 3 (9,28) , (12,27) , (14,3)
204 85 150 222 4 (28,12) , (57,21) , (69,9) , (214,1)
207 86 153 536 3 (3,10) , (26,3) , (57,6)
210 87 57 538 2 (4,14) , (42,5)
215 88 20 549 3 (4,29) , (7,21) , (23,3)
217 89 53 333 2 (6,19) , (49,10)
218 90 47 497 3 (5,13) , (11,22) , (51,10)
222 91 37 490 2 (4,24) , (39,3)
224 92 63 230 1 (33,2)
225 93 63 316 2 (6,6) , (8,4)
225 94 92 439 0 
225 95 86 519 2 (3,15) , (60,5)
226 96 25 445 5 (4,28) , (6,27) , (8,26) , (12,1) , (20,8)
226 97 118 435 3 (14,15) , (31,23) , (114,9)
227 98 133 343 2 (7,16) , (103,6)
227 99 97 552 3 (4,5) , (14,14) , (13,8)
230 100 86 521 5 (14,11) , (20,24) , (37,27) , (54,14) , (81,7)
234 101 151 333 0 
238 102 98 357 2 (13,5) , (16,9)
241 103 102 480 2 (20,16) , (25,6)
243 104 35 277 3 (3,2) , (7,13) , (15,9)
243 105 75 533 3 (14,4) , (23,4) , (25,5)
248 106 5 520 4 (3,4) , (4,23) , (5,2) , (4,4)
249 107 95 404 5 (13,22) , (32,2) , (47,11) , (63,3) , (99,7)
249 108 54 345 2 (4,15) , (5,7)
251 109 109 510 1 (34,6)
256 110 46 313 3 (4,20) , (6,28) , (49,5)
259 111 85 374 2 (12,16) , (25,10)
262 112 71 372 1 (26,9)
262 113 151 455 5 (32,4) , (59,30) , (83,29) , (109,25) , (141,6)
267 114 114 579 2 (9,6) , (94,1)
271 115 133 477 2 (5,12) , (4,4)
206 50
250 6
