6 1 3 3
3
4 59 66 2 8
457
1 1 65 405 1 (4,41)
2 2 133 335 0 
2 3 59 138 5 (6,24) , (13,35) , (23,3) , (29,39) , (32,8)
3 4 166 492 3 (0,14) , (13,30) , (4,28)
8 5 146 171 2 (0,39) , (96,6)
12 6 108 565 5 (17,41) , (19,34) , (34,35) , (49,11) , (17,40)
13 7 209 17 4 (38,21) , (47,2) , (52,14) , (146,21)
15 8 99 46 5 (5,36) , (19,35) , (19,10) , (19,1) , (38,45)
18 9 213 337 0 
18 10 130 261 3 (22,21) , (30,34) , (106,12)
20 11 26 311 1 (13,45)
20 12 187 434 0 
23 13 25 304 3 (0,8) , (1,20) , (14,12)
24 14 220 258 0 
24 15 189 163 1 (71,27)
26 16 183 74 0 
28 17 69 190 1 (12,0)
33 18 231 252 5 (6,32) , (48,20) , (60,14) , (64,35) , (152,24)
35 19 233 583 1 (63,17)
35 20 106 131 5 (15,41) , (25,26) , (34,48) , (42,18) , (40,24)
37 21 87 409 0 
42 22 53 105 2 (8,38) , (51,8)
42 23 164 316 2 (18,49) , (135,34)
45 24 188 609 4 (7,3) , (20,9) , (51,30) , (182,36)
50 25 36 470 2 (1,42) , (10,37)
50 26 142 424 0 
51 27 140 358 5 (10,46) , (19,3) , (38,0) , (64,31) , (26,1)
54 28 27 213 4 (4,26) , (5,46) , (6,35) , (16,34)
56 29 12 636 4 (0,28) , (1,19) , (1,6) , (9,32)
61 30 196 215 1 (22,38)
65 31 203 565 1 (26,19)
67 32 27 225 4 (3,31) , (7,45) , (7,27) , (7,43)
71 33 221 85 5 (24,23) , (45,5) , (50,12) , (60,24) , (206,16)
73 34 230 380 5 (15,15) , (60,9) , (85,40) , (101,34) , (23,35)
78 35 86 664 1 (28,33)
78 36 228 98 4 (41,46) , (83,7) , (122,29) , (186,30)
82 37 84 398 3 (14,39) , (14,38) , (47,16)
86 38 181 574 5 (24,46) , (38,37) , (71,48) , (92,36) , (101,48)
87 39 64 515 5 (5,11) , (12,2) , (14,33) , (14,11) , (44,37)
87 40 141 493 0 
90 41 168 138 1 (102,25)
94 42 184 128 4 (6,46) , (12,44) , (21,14) , (80,48)
95 43 41 412 4 (6,7) , (13,41) , (13,33) , (2,9)
100 44 43 281 5 (1,35) , (7,4) , (7,49) , (12,3) , (19,0)
103 45 96 284 1 (93,34)
106 46 10 639 2 (0,45) , (0,16)
110 47 199 657 2 (0,17) , (12,5)
110 48 55 653 2 (9,49) , (52,7)
111 49 21 318 5 (1,5) , (3,11) , (5,22) , (7,9) , (18,42)
111 50 216 478 4 (6,5) , (42,49) , (58,18) , (141,44)
113 51 218 276 0 
117 52 33 542 4 (3,18) , (8,35) , (8,25) , (28,45)
120 53 64 167 2 (6,19) , (9,0)
122 54 86 236 2 (2,43) , (35,6)
127 55 107 332 2 (14,8) , (58,9)
127 56 152 520 3 (15,38) , (27,3) , (69,30)
132 57 202 391 3 (18,8) , (36,17) , (182,15)
135 58 153 237 0 
136 59 93 502 5 (12,5) , (21,3) , (30,33) , (33,1) , (20,40)
141 60 47 656 3 (5,28) , (12,15) , (26,4)
145 61 198 286 1 (59,27)
149 62 67 394 3 (4,36) , (15,37) , (42,4)
152 63 212 578 1 (185,13)
154 64 84 617 5 (2,49) , (15,7) , (16,3) , (21,32) , (72,36)
156 65 242 551 5 (46,22) , (63,15) , (103,32) , (140,11) , (105,3)
160 66 37 694 5 (3,2) , (7,0) , (13,38) , (13,48) , (7,5)
164 67 27 684 0 
167 68 164 619 1 (1,2)
171 69 42 516 0 
171 70 31 721 5 (0,29) , (4,48) , (9,17) , (13,29) , (14,42)
175 71 208 404 4 (26,8) , (34,32) , (67,42) , (93,48)
176 72 248 700 1 (88,42)
177 73 10 690 1 (9,24)
181 74 137 306 3 (13,27) , (15,30) , (93,47)
182 75 221 276 1 (198,0)
182 76 127 245 5 (23,14) , (46,12) , (66,5) , (90,3) , (5,41)
183 77 142 761 3 (3,34) , (3,40) , (7,40)
185 78 151 773 2 (15,15) , (85,36)
190 79 42 617 3 (3,14) , (3,8) , (27,32)
190 80 73 232 3 (6,8) , (6,34) , (17,14)
190 81 55 666 0 
191 82 191 782 1 (131,37)
195 83 63 396 3 (7,45) , (7,35) , (4,45)
195 84 214 346 1 (2,21)
200 85 33 687 4 (2,28) , (5,14) , (8,2) , (25,23)
204 86 132 447 0 
208 87 22 803 2 (1,38) , (7,47)
208 88 84 456 3 (7,4) , (8,23) , (9,29)
209 89 135 420 2 (7,47) , (96,11)
209 90 100 418 0 
212 91 57 485 0 
214 92 13 753 3 (1,49) , (2,0) , (6,18)
218 93 202 520 1 (116,9)
221 94 5 262 0 
222 95 221 543 1 (113,2)
226 96 67 568 1 (23,7)
227 97 128 334 3 (5,20) , (10,18) , (23,14)
227 98 252 530 4 (31,3) , (74,24) , (103,31) , (81,42)
229 99 111 371 0 
234 100 239 390 4 (26,10) , (62,33) , (87,13) , (36,47)
237 101 100 401 3 (10,0) , (13,1) , (36,33)
240 102 172 613 5 (16,29) , (39,33) , (65,35) , (90,35) , (132,19)
241 103 32 403 0 
246 104 245 399 2 (36,30) , (17,20)
246 105 88 320 3 (0,8) , (4,4) , (2,35)
246 106 46 679 4 (5,17) , (11,29) , (11,48) , (5,41)
249 107 212 529 4 (17,12) , (19,26) , (37,29) , (73,16)
250 108 93 532 5 (17,41) , (21,49) , (34,3) , (34,24) , (74,9)
252 109 57 749 3 (5,8) , (14,29) , (47,5)
257 110 57 466 5 (10,32) , (18,15) , (28,24) , (32,25) , (3,43)
261 111 240 716 2 (21,1) , (36,34)
264 112 145 524 5 (26,36) , (33,31) , (44,9) , (49,16) , (58,27)
265 113 199 670 5 (2,8) , (19,0) , (38,35) , (48,6) , (188,36)
266 114 182 544 3 (7,36) , (30,12) , (145,2)
268 115 120 731 1 (76,1)
268 116 140 653 4 (26,28) , (38,3) , (43,34) , (131,9)
268 117 29 347 4 (0,7) , (2,32) , (4,32) , (9,33)
268 118 142 857 5 (18,35) , (43,29) , (52,13) , (66,24) , (9,12)
269 119 143 412 1 (0,30)
272 120 195 371 1 (22,1)
277 121 78 609 0 
281 122 152 679 3 (29,28) , (39,43) , (111,37)
284 123 116 341 5 (5,6) , (6,49) , (13,0) , (25,27) , (76,26)
289 124 214 512 0 
292 125 74 599 3 (3,5) , (11,24) , (67,31)
295 126 168 626 4 (21,16) , (50,26) , (63,46) , (163,4)
297 127 225 832 4 (38,4) , (78,15) , (98,8) , (141,33)
298 128 151 481 3 (3,17) , (27,11) , (120,23)
300 129 229 428 2 (13,49) , (46,36)
305 130 102 664 4 (17,32) , (24,17) , (26,20) , (37,37)
309 131 197 731 1 (134,19)
312 132 41 888 0 
313 133 221 680 3 (32,3) , (35,6) , (34,1)
315 134 239 552 4 (24,38) , (44,11) , (58,8) , (159,26)
318 135 233 817 0 
318 136 76 334 3 (4,38) , (11,39) , (0,38)
322 137 179 738 2 (17,19) , (65,31)
324 138 204 699 2 (38,4) , (113,41)
324 139 54 479 1 (44,18)
328 140 162 776 4 (9,3) , (24,45) , (50,8) , (110,37)
328 141 195 663 5 (37,19) , (42,37) , (60,26) , (89,14) , (45,10)
332 142 123 429 1 (105,31)
333 143 142 442 0 
335 144 226 484 4 (3,44) , (7,11) , (33,1) , (174,23)
336 145 42 806 2 (0,7) , (9,30)
337 146 220 441 4 (38,2) , (56,43) , (59,32) , (142,42)
339 147 137 792 2 (2,27) , (112,20)
343 148 187 771 5 (11,4) , (31,11) , (63,0) , (80,43) , (171,18)
343 149 48 437 4 (6,44) , (7,43) , (8,40) , (16,0)
347 150 99 429 1 (39,22)
351 151 62 778 0 
351 152 87 640 4 (6,38) , (20,1) , (32,13) , (78,19)
355 153 199 478 3 (9,11) , (38,4) , (40,49)
356 154 223 582 0 
358 155 253 572 2 (34,10) , (223,48)
363 156 210 812 1 (67,34)
363 157 38 672 1 (16,11)
366 158 31 527 0 
367 159 123 934 3 (10,42) , (22,39) , (11,30)
372 160 231 943 4 (21,19) , (46,48) , (52,25) , (16,43)
372 161 199 409 4 (34,48) , (45,35) , (52,38) , (169,31)
373 162 56 587 5 (8,31) , (16,37) , (19,20) , (27,18) , (28,27)
374 163 11 629 2 (1,36) , (9,37)
379 164 179 880 3 (22,34) , (25,8) , (1,33)
381 165 235 672 1 (69,5)
384 166 198 497 2 (24,20) , (125,14)
389 167 183 580 3 (3,17) , (35,33) , (119,35)
393 168 30 657 5 (0,45) , (0,30) , (5,7) , (8,49) , (15,41)
398 169 143 783 1 (100,49)
400 170 106 423 4 (13,28) , (16,15) , (25,46) , (8,3)
405 171 93 648 1 (9,14)
410 172 74 613 4 (2,23) , (3,23) , (9,35) , (64,12)
415 173 120 436 5 (22,10) , (31,5) , (42,44) , (44,37) , (107,14)
419 174 208 624 3 (19,46) , (52,11) , (31,17)
423 175 82 804 1 (4,48)
423 176 178 930 4 (13,14) , (22,48) , (32,21) , (145,22)
427 177 66 472 2 (2,41) , (54,42)
428 178 120 464 4 (8,33) , (17,14) , (25,25) , (117,47)
433 179 164 492 5 (14,39) , (24,23) , (37,38) , (37,34) , (139,48)
437 180 60 606 0 
439 181 195 636 3 (4,0) , (35,15) , (118,22)
442 182 250 515 0 
443 183 48 505 2 (1,9) , (9,16)
446 184 236 687 1 (144,29)
448 185 99 622 3 (2,19) , (15,15) , (21,6)
449 186 163 864 5 (28,7) , (56,2) , (87,29) , (90,21) , (100,21)
450 187 182 701 5 (16,27) , (18,7) , (47,28) , (56,0) , (40,18)
451 188 7 647 4 (0,34) , (0,8) , (0,13) , (2,26)
452 189 235 680 1 (116,29)
452 190 217 546 2 (39,32) , (54,0)
452 191 201 892 2 (17,15) , (158,20)
455 192 133 600 5 (20,11) , (31,11) , (49,40) , (64,37) , (104,1)
458 193 106 494 1 (89,21)
463 194 107 886 3 (10,20) , (15,10) , (82,20)
463 195 57 514 2 (8,43) , (56,36)
467 196 33 948 0 
469 197 109 572 5 (18,16) , (34,7) , (51,3) , (67,21) , (24,9)
473 198 82 557 2 (9,18) , (28,39)
474 199 62 815 2 (6,24) , (53,35)
476 200 208 650 5 (17,37) , (48,15) , (80,40) , (98,45) , (174,30)
476 201 37 997 1 (3,29)
476 202 48 960 1 (19,40)
478 203 161 1029 0 
483 204 184 808 1 (104,9)
485 205 230 656 1 (34,40)
487 206 96 533 0 
491 207 241 943 2 (18,48) , (96,18)
491 208 95 619 5 (11,43) , (12,30) , (29,40) , (38,32) , (37,43)
493 209 168 978 0 
496 210 129 698 1 (6,3)
496 211 135 1033 1 (9,37)
500 212 6 559 5 (0,4) , (0,43) , (0,22) , (0,36) , (5,21)
502 213 71 616 1 (5,3)
506 214 187 748 4 (32,13) , (39,49) , (51,46) , (27,19)
506 215 177 668 5 (27,29) , (46,48) , (80,8) , (109,36) , (101,32)
506 216 109 634 5 (11,17) , (26,5) , (32,31) , (51,16) , (35,39)
507 217 74 762 5 (13,10) , (25,23) , (31,5) , (38,37) , (42,6)
509 218 40 818 5 (3,31) , (4,40) , (6,20) , (10,38) , (18,16)
510 219 88 1106 1 (85,38)
512 220 76 995 1 (54,2)
512 221 61 647 3 (2,22) , (8,21) , (21,29)
516 222 86 530 5 (16,6) , (24,14) , (29,18) , (32,5) , (34,2)
516 223 71 683 3 (12,35) , (12,40) , (2,22)
521 224 76 890 4 (8,47) , (11,30) , (11,30) , (73,25)
524 225 117 1007 5 (4,48) , (11,12) , (11,43) , (23,6) , (88,40)
528 226 70 1057 1 (17,12)
532 227 226 813 1 (12,24)
532 228 167 1036 2 (29,32) , (108,19)
534 229 18 1124 0 
539 230 39 977 2 (6,30) , (1,45)
544 231 9 821 0 
545 232 98 626 5 (12,22) , (27,42) , (35,10) , (39,35) , (61,10)
545 233 92 914 4 (7,3) , (10,19) , (15,7) , (7,12)
546 234 34 611 2 (1,34) , (21,15)
551 235 43 971 4 (1,20) , (8,5) , (12,37) , (27,38)
554 236 60 562 3 (0,8) , (11,40) , (21,36)
554 237 219 608 1 (97,19)
555 238 60 815 4 (5,29) , (8,47) , (19,7) , (44,23)
559 239 173 593 5 (1,6) , (15,33) , (27,11) , (33,37) , (79,21)
563 240 254 608 3 (48,13) , (56,40) , (114,31)
567 241 138 962 4 (9,41) , (23,34) , (48,47) , (124,28)
568 242 89 1159 1 (54,35)
573 243 73 1102 0 
577 244 176 670 5 (0,42) , (12,48) , (22,26) , (52,20) , (97,27)
581 245 84 759 5 (3,39) , (5,1) , (8,12) , (15,49) , (73,37)
581 246 53 1123 4 (5,14) , (7,10) , (7,11) , (4,31)
584 247 252 800 3 (15,40) , (63,32) , (158,20)
587 248 238 978 4 (40,7) , (53,12) , (59,45) , (90,40)
588 249 45 851 1 (17,19)
593 250 158 825 4 (20,24) , (41,5) , (52,34) , (120,44)
595 251 148 980 3 (18,29) , (42,47) , (38,40)
595 252 96 1158 4 (4,45) , (11,17) , (16,40) , (34,0)
600 253 235 1012 2 (38,38) , (67,47)
602 254 24 917 2 (1,41) , (2,30)
603 255 230 1193 3 (7,42) , (26,34) , (186,17)
606 256 205 640 2 (0,20) , (189,25)
611 257 53 1147 3 (7,21) , (14,40) , (14,16)
616 258 119 1016 3 (2,24) , (3,26) , (91,21)
618 259 70 1035 0 
621 260 157 1132 2 (27,35) , (93,24)
621 261 147 891 0 
626 262 153 1070 4 (14,48) , (16,5) , (32,0) , (18,6)
628 263 124 774 3 (22,23) , (23,11) , (55,28)
629 264 219 871 2 (30,4) , (106,42)
632 265 206 1023 1 (126,4)
634 266 5 1173 3 (0,15) , (0,16) , (2,12)
636 267 180 1022 0 
638 268 164 1058 4 (2,9) , (12,6) , (15,3) , (112,10)
639 269 12 1123 1 (10,19)
639 270 191 913 3 (35,42) , (57,20) , (21,49)
644 271 126 926 4 (0,45) , (12,42) , (34,18) , (82,23)
644 272 110 1103 5 (1,16) , (9,18) , (11,5) , (21,12) , (87,31)
645 273 50 837 3 (5,39) , (7,11) , (9,22)
650 274 16 1108 2 (1,35) , (9,37)
651 275 178 781 3 (15,2) , (27,10) , (61,20)
652 276 50 807 3 (3,46) , (9,0) , (20,13)
652 277 149 918 5 (8,27) , (10,11) , (37,34) , (53,22) , (19,28)
653 278 231 656 3 (26,21) , (45,15) , (12,33)
657 279 237 838 3 (38,5) , (39,25) , (192,47)
658 280 238 834 3 (10,38) , (12,16) , (206,33)
662 281 144 770 3 (9,10) , (10,30) , (89,17)
665 282 205 1088 5 (9,29) , (10,47) , (46,45) , (68,24) , (15,44)
669 283 154 1232 1 (13,42)
671 284 155 858 4 (17,1) , (32,26) , (45,36) , (139,36)
675 285 134 818 0 
680 286 154 892 0 
682 287 50 801 4 (7,36) , (12,3) , (16,4) , (6,5)
683 288 190 723 2 (19,44) , (122,7)
684 289 65 966 3 (3,22) , (6,26) , (3,25)
684 290 120 963 4 (20,32) , (42,30) , (64,3) , (55,11)
686 291 190 1116 5 (29,24) , (43,0) , (74,5) , (77,37) , (153,23)
687 292 187 1193 1 (2,9)
689 293 232 1224 1 (64,30)
691 294 55 1268 1 (12,25)
692 295 206 1243 2 (25,32) , (68,42)
695 296 23 1239 0 
699 297 201 1199 4 (13,40) , (51,38) , (74,2) , (109,6)
703 298 175 1170 2 (4,9) , (127,47)
704 299 229 1103 5 (32,41) , (48,48) , (72,33) , (83,26) , (100,44)
707 300 182 1210 2 (0,38) , (157,15)
711 301 24 1058 1 (17,39)
716 302 30 779 5 (5,10) , (5,43) , (10,37) , (15,48) , (7,18)
720 303 101 1199 4 (4,1) , (12,49) , (18,3) , (35,13)
721 304 103 883 2 (19,4) , (58,29)
721 305 56 873 4 (8,37) , (12,3) , (15,6) , (49,21)
725 306 78 1033 0 
727 307 13 998 0 
732 308 168 1309 0 
733 309 189 1310 4 (33,37) , (58,33) , (89,1) , (133,32)
737 310 102 1311 1 (56,9)
740 311 172 972 1 (131,30)
741 312 209 778 0 
744 313 92 1191 3 (2,27) , (18,0) , (36,42)
747 314 75 773 4 (14,33) , (21,25) , (27,20) , (60,48)
749 315 196 807 4 (1,26) , (10,11) , (19,48) , (70,28)
754 316 182 1109 1 (85,28)
755 317 67 1344 1 (19,28)
755 318 43 1270 5 (2,43) , (6,47) , (7,5) , (13,1) , (19,33)
757 319 244 1033 4 (45,28) , (49,42) , (77,37) , (9,14)
761 320 30 920 0 
765 321 130 962 1 (39,49)
766 322 181 854 4 (5,5) , (12,28) , (40,42) , (36,0)
771 323 29 1037 3 (0,37) , (4,15) , (9,23)
771 324 168 873 1 (55,40)
772 325 185 1203 5 (4,22) , (17,43) , (31,10) , (58,13) , (116,19)
776 326 166 1197 1 (46,27)
777 327 67 927 0 
777 328 117 864 2 (7,10) , (63,33)
780 329 243 1140 5 (20,18) , (24,41) , (27,36) , (74,9) , (65,8)
781 330 112 928 0 
786 331 76 817 0 
791 332 77 1254 0 
791 333 244 1100 4 (0,15) , (0,45) , (24,8) , (236,5)
793 334 155 1134 1 (30,8)
797 335 88 1085 4 (15,19) , (25,35) , (32,28) , (40,45)
799 336 72 800 1 (53,41)
802 337 193 1053 5 (7,25) , (18,25) , (18,28) , (35,13) , (155,33)
803 338 99 1315 2 (6,49) , (53,3)
805 339 135 1326 4 (13,23) , (21,42) , (43,29) , (102,16)
806 340 221 1027 4 (34,44) , (62,34) , (100,3) , (100,0)
811 341 60 840 0 
813 342 34 1199 2 (3,41) , (24,19)
814 343 203 1165 2 (5,7) , (20,8)
819 344 184 949 1 (1,11)
819 345 190 1280 2 (27,21) , (145,38)
824 346 229 1175 1 (27,15)
827 347 22 1278 3 (2,40) , (4,5) , (18,14)
830 348 225 1202 3 (32,45) , (71,15) , (40,31)
831 349 195 888 1 (169,45)
835 350 183 1193 4 (16,38) , (16,1) , (25,30) , (130,27)
840 351 91 996 0 
843 352 236 949 0 
846 353 203 1243 2 (17,24) , (32,29)
851 354 31 1286 0 
853 355 86 1097 5 (6,3) , (9,22) , (9,44) , (24,0) , (44,43)
856 356 195 1443 3 (7,26) , (34,36) , (97,39)
859 357 12 905 3 (1,22) , (2,35) , (0,7)
859 358 193 1222 1 (37,10)
859 359 129 1218 2 (17,34) , (47,24)
863 360 81 1356 1 (52,14)
868 361 102 1106 4 (8,3) , (8,0) , (24,10) , (18,18)
873 362 175 1375 2 (14,38) , (21,24)
875 363 123 946 0 
876 364 194 888 3 (0,4) , (29,26) , (133,4)
878 365 236 1228 3 (17,10) , (21,49) , (65,27)
879 366 204 1020 4 (31,5) , (66,49) , (79,48) , (175,27)
883 367 213 1463 2 (24,31) , (141,2)
888 368 196 1419 4 (31,9) , (51,2) , (55,45) , (69,2)
889 369 67 1400 5 (11,7) , (17,9) , (17,5) , (27,46) , (18,9)
891 370 52 1087 2 (3,39) , (43,33)
895 371 91 999 4 (9,11) , (17,3) , (26,12) , (15,24)
897 372 95 1209 1 (7,34)
897 373 104 1027 0 
900 374 46 1214 3 (3,10) , (10,9) , (2,20)
905 375 63 1501 1 (61,14)
908 376 191 1179 3 (27,45) , (39,38) , (81,42)
912 377 228 1479 1 (105,28)
914 378 106 986 4 (14,13) , (34,15) , (52,17) , (9,8)
918 379 65 1263 1 (60,40)
919 380 40 1468 4 (0,49) , (7,20) , (9,44) , (1,34)
920 381 215 1349 2 (26,44) , (87,20)
921 382 122 1132 1 (66,32)
922 383 211 937 0 
924 384 240 1030 5 (7,7) , (37,31) , (69,16) , (89,3) , (155,8)
928 385 39 1485 4 (2,18) , (5,34) , (6,43) , (32,42)
933 386 169 1264 5 (24,35) , (56,38) , (67,5) , (68,43) , (43,14)
938 387 65 1056 2 (6,6) , (52,18)
942 388 72 1181 3 (3,7) , (6,24) , (38,42)
946 389 40 995 2 (5,28) , (8,28)
950 390 160 1022 5 (27,49) , (40,23) , (64,4) , (81,32) , (108,16)
954 391 37 1335 5 (6,14) , (6,12) , (11,14) , (17,21) , (5,34)
958 392 252 1063 1 (118,26)
958 393 105 1161 0 
959 394 113 1025 0 
964 395 26 1476 2 (0,10) , (9,10)
967 396 103 1333 5 (11,47) , (13,42) , (24,23) , (28,20) , (8,4)
972 397 184 1550 2 (29,23) , (64,23)
972 398 21 1142 2 (2,26) , (12,1)
972 399 145 1511 4 (7,46) , (20,24) , (28,13) , (91,14)
975 400 162 999 4 (5,8) , (18,47) , (21,8) , (31,47)
977 401 25 1576 1 (10,42)
980 402 21 1080 1 (8,20)
983 403 182 1502 3 (13,45) , (16,2) , (117,8)
986 404 120 1036 3 (23,27) , (42,43) , (97,42)
987 405 115 1215 3 (3,8) , (17,42) , (70,27)
988 406 117 1452 0 
992 407 81 1362 2 (4,23) , (35,41)
995 408 181 1503 2 (23,18) , (179,9)
996 409 168 1575 1 (138,13)
999 410 14 1088 3 (1,40) , (1,17) , (11,34)
1004 411 166 1340 2 (28,48) , (4,13)
1004 412 171 1601 5 (26,10) , (40,5) , (48,9) , (73,38) , (8,41)
1004 413 239 1450 4 (30,5) , (69,0) , (103,14) , (78,26)
1009 414 163 1140 2 (26,29) , (49,43)
1013 415 152 1097 2 (28,22) , (65,8)
1013 416 98 1574 4 (4,10) , (22,16) , (30,7) , (62,36)
1015 417 119 1032 5 (18,28) , (34,31) , (39,37) , (47,26) , (56,27)
1015 418 196 1507 0 
1015 419 254 1113 4 (0,48) , (39,35) , (55,27) , (154,49)
1018 420 196 1542 0 
1022 421 103 1294 4 (1,32) , (12,17) , (29,14) , (64,3)
1026 422 157 1118 1 (38,15)
1027 423 186 1124 4 (35,39) , (44,9) , (59,7) , (179,33)
1031 424 154 1186 5 (4,44) , (23,1) , (31,20) , (56,49) , (64,9)
1036 425 48 1451 1 (2,4)
1038 426 218 1336 3 (27,27) , (40,37) , (165,22)
1043 427 109 1566 5 (8,12) , (18,41) , (29,31) , (30,0) , (31,1)
1048 428 104 1483 0 
1049 429 44 1122 1 (10,4)
1050 430 114 1437 5 (13,12) , (31,26) , (44,6) , (62,38) , (8,41)
1051 431 215 1185 3 (29,15) , (56,5) , (182,10)
1056 432 175 1070 2 (8,1) , (3,34)
1056 433 134 1407 3 (7,15) , (23,17) , (55,7)
1056 434 217 1431 0 
1059 435 248 1514 3 (3,9) , (38,18) , (91,5)
1063 436 93 1546 4 (7,26) , (19,42) , (27,42) , (40,12)
1063 437 190 1082 2 (16,49) , (20,26)
1068 438 128 1649 2 (9,2) , (106,43)
1073 439 104 1622 0 
1074 440 38 1396 1 (9,34)
1075 441 169 1334 4 (0,19) , (14,26) , (33,31) , (15,20)
1079 442 232 1580 1 (191,37)
1081 443 154 1163 0 
1083 444 216 1639 3 (3,46) , (31,7) , (26,14)
1083 445 46 1314 1 (16,38)
1085 446 239 1288 0 
1089 447 193 1108 0 
1093 448 252 1330 5 (21,34) , (34,24) , (72,32) , (119,18) , (152,35)
1098 449 52 1517 3 (5,5) , (13,9) , (42,21)
1100 450 207 1102 3 (12,12) , (52,18) , (145,2)
1101 451 95 1128 3 (9,47) , (21,4) , (14,22)
1104 452 171 1226 4 (30,40) , (32,0) , (41,4) , (40,42)
1104 453 172 1268 5 (10,1) , (38,30) , (51,28) , (54,4) , (55,21)
1104 454 186 1450 2 (26,5) , (152,18)
1105 455 45 1601 4 (2,47) , (5,46) , (10,47) , (11,27)
1106 456 196 1584 2 (30,23) , (168,27)
1107 457 141 1251 5 (24,3) , (47,45) , (48,29) , (73,30) , (111,9)
219 338
232 3
59 125
349 85
59 386
