4 5 5
3
4 50 3 10 12
25
1 1 20 0 
1 2 35 0
2 3 74 2 (10,2) , (62,20) 
2 4 60 3 (10,2) , (22,5) , (30,2) 
2 5 50 0 
3 6 180 2 (19,22) , (162,20) 
3 7 56 0 
3 8 94 2 (11,19) , (82,20) 
4 9 60 0 
4 10 50 0 
5 11 150 2 (10,25) , (122,20) 
5 12 56 0
5 13 34 0 
5 14 10 0 
5 15 50 0 
5 16 50 3 (10,2) , (22,5) , (30,2) 
5 17 56 0 
6 18 14 0 
7 19 60 0 
7 20 13 0
8 21 12 0 
10 22 44 3 (10,2) , (22,5) , (30,2)
12 23 55 0 
12 24 35 0
13 25 10 1 (8,11) 
16 26 59 3 (10,2) , (22,5) , (30,2)
20 27 47 0 
20 28 23 0
21 29 34 0 
25 30 56 3 (10,2) , (22,5) , (30,2) 
9 34
50 8
55 12


