1 0 3 1
1
4 31 88 13 9
362
0 1 149 96 5 (15,27) , (17,1) , (44,1) , (69,41) , (26,12)
1 2 187 522 3 (32,20) , (49,32) , (25,34)
3 3 245 30 1 (14,10)
5 4 6 349 1 (4,26)
8 5 69 185 5 (5,24) , (15,3) , (15,33) , (18,10) , (55,13)
8 6 34 33 4 (4,4) , (7,31) , (9,47) , (11,38)
12 7 114 395 2 (13,44) , (9,46)
16 8 182 562 4 (21,34) , (53,15) , (80,30) , (107,24)
18 9 97 40 4 (1,23) , (11,34) , (23,2) , (93,1)
19 10 79 389 0 
19 11 89 264 0 
19 12 158 243 0 
19 13 122 412 2 (16,32) , (13,3)
21 14 189 156 2 (18,35) , (3,14)
23 15 210 73 1 (147,2)
27 16 66 326 2 (8,45) , (47,22)
27 17 53 348 5 (4,48) , (7,38) , (15,28) , (17,32) , (39,1)
28 18 24 554 4 (3,2) , (4,16) , (6,21) , (2,4)
30 19 113 97 5 (19,12) , (20,9) , (30,26) , (50,43) , (87,46)
35 20 175 197 5 (34,2) , (48,10) , (59,14) , (89,9) , (172,29)
38 21 250 438 1 (143,5)
41 22 31 383 2 (4,35) , (25,32)
41 23 6 301 0 
44 24 21 428 5 (3,21) , (3,10) , (5,45) , (5,12) , (8,48)
44 25 242 461 3 (20,3) , (47,44) , (149,38)
48 26 192 417 3 (15,45) , (32,27) , (191,7)
50 27 247 252 0 
55 28 198 439 3 (16,48) , (27,7) , (193,3)
59 29 136 218 2 (0,30) , (68,18)
61 30 139 215 1 (61,20)
61 31 109 414 5 (0,38) , (14,38) , (17,1) , (33,35) , (80,45)
65 32 240 615 3 (6,15) , (16,41) , (86,10)
70 33 84 287 5 (14,49) , (16,5) , (30,45) , (40,16) , (50,48)
75 34 111 507 1 (91,40)
75 35 152 531 5 (25,48) , (25,10) , (52,38) , (52,8) , (6,19)
75 36 21 558 2 (0,32) , (4,42)
77 37 254 181 1 (131,19)
78 38 183 85 2 (33,3) , (96,17)
78 39 252 479 0 
82 40 15 124 0 
85 41 208 510 5 (10,5) , (45,23) , (52,26) , (76,23) , (163,7)
85 42 139 105 3 (8,42) , (24,12) , (104,2)
90 43 119 198 0 
94 44 126 464 1 (39,21)
99 45 10 151 5 (1,31) , (2,13) , (2,6) , (3,26) , (3,49)
102 46 34 159 5 (3,0) , (3,1) , (5,13) , (7,3) , (29,33)
103 47 84 218 3 (14,13) , (14,48) , (59,37)
108 48 146 118 3 (25,4) , (51,10) , (21,29)
109 49 28 227 3 (2,16) , (5,1) , (12,41)
110 50 200 184 2 (15,18) , (169,28)
112 51 153 696 4 (24,33) , (34,21) , (48,14) , (67,8)
116 52 165 230 3 (7,35) , (26,11) , (149,38)
120 53 94 230 5 (13,40) , (13,36) , (27,16) , (39,25) , (3,48)
123 54 20 450 0 
127 55 142 195 2 (19,1) , (124,14)
127 56 62 546 1 (16,16)
132 57 87 310 1 (27,26)
136 58 54 145 4 (2,22) , (11,37) , (17,31) , (37,23)
139 59 147 627 4 (20,5) , (43,8) , (49,6) , (85,37)
143 60 122 303 0 
148 61 111 370 3 (15,10) , (35,7) , (80,46)
153 62 198 238 4 (22,9) , (57,28) , (70,31) , (43,10)
157 63 96 471 3 (4,20) , (20,40) , (88,40)
158 64 176 526 0 
163 65 162 753 3 (2,31) , (14,48) , (62,40)
164 66 231 609 0 
165 67 129 721 4 (9,46) , (30,13) , (44,19) , (26,40)
165 68 54 490 3 (6,17) , (10,0) , (5,34)
165 69 78 283 4 (10,40) , (10,7) , (17,9) , (52,11)
170 70 5 740 0 
172 71 195 599 0 
174 72 198 706 5 (21,49) , (52,14) , (79,34) , (112,33) , (26,45)
176 73 95 185 4 (7,11) , (23,6) , (37,15) , (30,28)
178 74 47 528 2 (7,29) , (5,39)
181 75 246 594 0 
181 76 113 476 3 (4,33) , (10,17) , (28,9)
184 77 243 220 2 (41,12) , (127,9)
185 78 41 761 4 (6,47) , (8,17) , (10,44) , (39,35)
188 79 144 636 0 
192 80 125 427 3 (11,1) , (21,42) , (31,31)
195 81 213 355 3 (10,39) , (41,29) , (180,33)
200 82 154 396 5 (8,23) , (27,32) , (30,35) , (52,40) , (127,13)
205 83 22 403 1 (19,19)
205 84 74 479 2 (9,25) , (71,49)
209 85 134 742 4 (7,33) , (27,37) , (45,11) , (85,7)
210 86 142 798 3 (4,8) , (15,31) , (141,18)
214 87 134 684 2 (1,17) , (34,28)
214 88 201 578 1 (64,37)
217 89 63 747 0 
221 90 105 379 0 
222 91 54 688 4 (9,34) , (9,3) , (14,3) , (15,7)
223 92 226 470 2 (0,31) , (38,11)
224 93 230 280 3 (28,19) , (51,31) , (110,14)
225 94 9 394 1 (7,15)
229 95 160 303 1 (28,0)
231 96 102 326 3 (4,15) , (21,31) , (40,21)
234 97 86 737 2 (11,48) , (77,2)
238 98 154 745 3 (8,3) , (35,47) , (27,39)
239 99 12 259 1 (6,23)
241 100 40 674 4 (0,48) , (1,17) , (7,36) , (25,3)
242 101 102 824 0 
242 102 92 649 0 
244 103 185 389 1 (107,21)
244 104 50 363 0 
249 105 77 837 2 (13,19) , (69,32)
254 106 86 445 0 
259 107 158 444 3 (19,30) , (46,13) , (23,48)
261 108 72 735 3 (4,42) , (15,47) , (52,46)
263 109 160 297 1 (66,9)
266 110 48 319 1 (32,9)
266 111 91 540 2 (12,28) , (82,0)
266 112 30 517 5 (5,40) , (9,46) , (10,5) , (10,38) , (23,32)
268 113 48 646 4 (5,38) , (7,42) , (11,46) , (46,38)
273 114 107 621 5 (15,20) , (24,0) , (44,31) , (46,41) , (3,45)
278 115 141 745 3 (0,22) , (9,21) , (83,22)
280 116 55 539 5 (8,5) , (10,24) , (14,20) , (19,48) , (27,3)
283 117 175 455 0 
286 118 245 867 3 (47,19) , (65,32) , (239,22)
286 119 235 591 3 (1,10) , (19,22) , (69,16)
290 120 108 491 0 
291 121 102 635 0 
291 122 138 620 1 (124,7)
296 123 19 567 5 (2,2) , (4,42) , (6,4) , (6,26) , (7,37)
299 124 163 651 2 (1,28) , (116,15)
302 125 87 862 3 (10,12) , (25,43) , (45,21)
302 126 214 439 0 
304 127 109 896 3 (19,45) , (30,49) , (62,22)
309 128 61 475 2 (1,0) , (27,35)
310 129 37 377 0 
311 130 47 593 3 (8,25) , (10,15) , (12,14)
316 131 124 686 4 (13,41) , (32,46) , (37,40) , (89,14)
316 132 189 831 5 (12,30) , (43,32) , (46,8) , (48,19) , (99,41)
317 133 227 553 2 (14,0) , (39,4)
318 134 190 898 3 (26,45) , (33,18) , (25,25)
321 135 123 627 5 (1,15) , (18,17) , (37,31) , (48,35) , (94,37)
321 136 98 893 0 
321 137 106 740 5 (15,39) , (35,36) , (51,17) , (57,23) , (33,10)
325 138 81 616 1 (29,6)
326 139 200 709 1 (195,43)
331 140 13 541 4 (1,42) , (2,0) , (3,38) , (8,13)
334 141 101 407 1 (89,24)
338 142 236 549 0 
338 143 141 683 0 
338 144 113 832 3 (0,22) , (16,0) , (53,37)
343 145 153 832 2 (16,8) , (106,3)
347 146 218 784 0 
352 147 229 496 5 (22,6) , (49,21) , (54,33) , (58,4) , (213,36)
356 148 40 895 1 (15,49)
361 149 77 486 3 (6,25) , (7,14) , (68,27)
363 150 63 960 2 (6,42) , (12,14)
368 151 173 594 3 (31,45) , (53,0) , (140,31)
370 152 109 761 5 (19,45) , (28,3) , (33,3) , (39,14) , (8,45)
373 153 16 478 0 
378 154 190 644 0 
379 155 228 583 5 (8,5) , (22,43) , (45,46) , (59,5) , (3,17)
382 156 134 643 1 (46,33)
384 157 120 745 3 (14,4) , (16,36) , (76,7)
387 158 27 746 2 (0,1) , (14,18)
389 159 50 755 4 (5,37) , (6,30) , (6,26) , (36,16)
389 160 144 456 1 (17,37)
393 161 249 647 3 (35,32) , (62,40) , (205,19)
394 162 208 745 2 (35,4) , (75,44)
396 163 101 933 3 (3,37) , (7,46) , (69,0)
398 164 50 462 0 
402 165 54 816 0 
403 166 198 573 5 (38,24) , (66,24) , (91,17) , (106,21) , (59,17)
404 167 213 542 4 (6,37) , (21,41) , (32,14) , (75,39)
404 168 235 495 4 (9,18) , (51,36) , (87,0) , (226,19)
404 169 215 781 2 (40,35) , (144,49)
409 170 113 998 1 (56,37)
410 171 63 881 3 (3,47) , (14,38) , (38,26)
411 172 36 762 0 
411 173 182 829 2 (22,19) , (174,34)
412 174 243 683 1 (211,18)
415 175 112 852 0 
420 176 36 597 2 (4,40) , (32,27)
424 177 246 456 5 (25,24) , (28,16) , (73,33) , (112,32) , (48,2)
424 178 63 810 0 
424 179 163 531 3 (20,37) , (32,2) , (65,23)
424 180 104 435 4 (8,14) , (20,24) , (36,16) , (82,34)
429 181 250 493 1 (74,6)
429 182 163 990 2 (28,39) , (75,38)
432 183 212 930 3 (24,20) , (27,0) , (42,23)
434 184 157 911 4 (25,37) , (44,1) , (72,27) , (53,7)
436 185 166 861 4 (22,16) , (48,8) , (51,49) , (20,47)
437 186 190 815 2 (0,46) , (145,28)
442 187 132 456 3 (13,20) , (33,9) , (77,28)
446 188 185 924 3 (25,24) , (53,15) , (22,46)
451 189 29 750 4 (0,43) , (0,41) , (0,36) , (13,19)
453 190 127 920 5 (20,15) , (31,18) , (46,26) , (70,44) , (52,36)
457 191 188 963 1 (37,4)
461 192 90 948 4 (7,13) , (10,3) , (19,14) , (34,3)
463 193 50 1011 0 
466 194 36 500 5 (6,9) , (7,44) , (8,46) , (8,29) , (19,38)
467 195 46 472 3 (1,21) , (7,32) , (33,45)
469 196 6 707 1 (2,23)
472 197 209 630 5 (19,11) , (30,44) , (43,16) , (51,14) , (71,23)
472 198 12 681 2 (1,49) , (10,43)
474 199 250 873 5 (35,14) , (37,14) , (56,1) , (84,38) , (40,33)
477 200 237 783 4 (33,26) , (40,28) , (61,33) , (23,17)
480 201 69 723 0 
482 202 198 828 0 
483 203 115 1042 5 (1,10) , (19,11) , (20,39) , (21,28) , (54,44)
484 204 130 881 5 (20,38) , (32,45) , (54,47) , (75,44) , (127,28)
484 205 101 811 0 
488 206 33 999 0 
493 207 217 825 4 (0,16) , (24,8) , (25,23) , (141,12)
494 208 43 757 3 (6,48) , (13,48) , (37,36)
499 209 252 715 2 (13,39) , (188,31)
503 210 251 751 4 (34,27) , (75,15) , (107,44) , (82,12)
505 211 53 653 2 (8,44) , (13,2)
509 212 73 687 4 (10,45) , (22,41) , (33,38) , (12,8)
510 213 161 872 4 (4,46) , (26,48) , (40,9) , (56,14)
513 214 112 629 0 
513 215 18 941 5 (1,19) , (1,14) , (1,36) , (3,47) , (8,24)
516 216 140 811 3 (11,15) , (30,7) , (60,0)
521 217 184 549 5 (31,42) , (54,49) , (86,45) , (118,10) , (110,6)
521 218 104 1097 2 (6,19) , (1,45)
521 219 94 811 2 (11,43) , (82,30)
522 220 29 695 3 (0,11) , (0,32) , (23,20)
525 221 36 916 1 (19,28)
530 222 105 853 2 (4,31) , (89,32)
532 223 57 731 1 (32,48)
536 224 198 818 5 (11,7) , (16,22) , (17,35) , (53,34) , (120,39)
538 225 197 1111 5 (16,18) , (23,39) , (42,7) , (55,6) , (27,40)
543 226 131 784 0 
547 227 61 967 5 (9,20) , (15,20) , (25,6) , (36,36) , (47,17)
548 228 247 1081 4 (26,2) , (50,8) , (78,28) , (112,49)
550 229 129 935 4 (15,20) , (36,5) , (43,4) , (115,23)
553 230 109 1089 0 
557 231 13 960 2 (1,13) , (10,4)
561 232 18 1135 1 (4,27)
562 233 130 941 2 (22,36) , (15,43)
564 234 43 791 4 (0,14) , (2,25) , (5,15) , (7,48)
568 235 220 928 0 
571 236 128 674 4 (8,31) , (21,40) , (45,23) , (122,32)
576 237 153 1014 3 (29,49) , (52,7) , (120,18)
579 238 210 1162 3 (36,10) , (38,19) , (0,9)
581 239 71 947 4 (7,18) , (16,39) , (23,44) , (25,45)
584 240 198 849 2 (1,26) , (51,39)
585 241 107 619 4 (8,47) , (19,17) , (38,29) , (12,6)
590 242 237 794 4 (31,30) , (60,17) , (85,37) , (104,2)
594 243 177 1148 5 (0,33) , (16,24) , (40,32) , (43,19) , (23,14)
594 244 19 969 5 (1,32) , (1,35) , (1,8) , (2,37) , (7,2)
598 245 28 1105 2 (0,9) , (23,28)
598 246 253 1008 0 
599 247 6 1069 2 (0,7) , (5,29)
601 248 154 1084 1 (140,31)
603 249 5 1040 2 (0,8) , (2,24)
605 250 86 690 1 (65,15)
607 251 247 783 5 (48,44) , (96,11) , (130,25) , (130,28) , (52,4)
612 252 91 1017 3 (9,19) , (12,37) , (30,39)
616 253 223 1179 1 (88,12)
618 254 174 807 2 (16,36) , (76,9)
621 255 190 899 4 (17,15) , (33,17) , (49,25) , (178,16)
621 256 234 1066 4 (42,48) , (86,48) , (99,26) , (54,5)
621 257 195 1072 0 
621 258 57 1019 1 (46,24)
625 259 231 1060 1 (146,8)
630 260 225 1089 1 (124,28)
634 261 11 859 2 (0,19) , (8,44)
637 262 66 962 0 
639 263 190 817 0 
639 264 186 1219 3 (28,18) , (60,6) , (11,38)
641 265 199 728 5 (17,33) , (48,34) , (63,35) , (71,11) , (128,37)
642 266 189 1195 0 
647 267 171 1136 4 (11,39) , (17,22) , (32,33) , (12,32)
650 268 19 971 5 (2,38) , (2,48) , (4,48) , (6,5) , (17,19)
655 269 98 970 3 (17,42) , (22,11) , (17,4)
657 270 200 958 3 (24,11) , (53,36) , (156,2)
661 271 56 1063 2 (3,32) , (28,35)
661 272 93 888 0 
666 273 109 934 5 (20,20) , (34,41) , (43,29) , (56,40) , (84,35)
666 274 144 1167 1 (41,35)
669 275 48 1190 4 (3,27) , (10,20) , (11,17) , (39,42)
669 276 121 805 2 (7,35) , (105,10)
671 277 183 992 5 (30,36) , (56,12) , (58,19) , (59,34) , (163,21)
673 278 18 1157 1 (13,27)
675 279 159 1084 4 (21,9) , (37,18) , (51,38) , (57,33)
677 280 199 705 4 (13,24) , (43,22) , (66,44) , (151,19)
682 281 190 1084 3 (29,29) , (59,7) , (76,21)
686 282 166 1278 5 (16,1) , (47,23) , (61,33) , (90,1) , (135,14)
688 283 11 842 1 (10,22)
688 284 78 915 4 (1,3) , (8,21) , (13,6) , (71,1)
691 285 46 718 0 
693 286 117 1282 0 
695 287 35 962 5 (4,46) , (9,17) , (15,12) , (15,49) , (19,17)
699 288 122 1044 4 (10,17) , (12,15) , (15,7) , (81,3)
700 289 104 1044 5 (18,38) , (26,23) , (28,12) , (32,35) , (81,24)
705 290 204 1150 3 (38,7) , (46,42) , (117,10)
709 291 61 861 1 (35,45)
714 292 172 883 1 (88,36)
717 293 220 747 1 (92,0)
721 294 6 827 5 (0,20) , (0,40) , (0,25) , (0,23) , (0,48)
723 295 90 937 0 
725 296 140 905 4 (7,14) , (30,46) , (52,29) , (15,30)
730 297 158 1161 4 (12,8) , (39,27) , (61,14) , (124,12)
733 298 153 875 3 (20,7) , (44,45) , (48,4)
738 299 152 873 2 (3,44) , (77,20)
741 300 36 875 3 (2,47) , (3,21) , (2,43)
741 301 14 781 1 (8,41)
744 302 170 1281 5 (13,44) , (24,46) , (36,14) , (59,16) , (5,6)
745 303 232 1057 0 
750 304 123 1151 1 (65,14)
753 305 147 923 3 (24,45) , (30,43) , (116,0)
758 306 99 1131 2 (15,27) , (0,10)
760 307 57 1291 4 (4,14) , (5,44) , (12,26) , (38,27)
761 308 111 1062 5 (16,11) , (29,16) , (49,19) , (70,35) , (74,11)
765 309 31 1214 3 (4,15) , (6,24) , (2,23)
766 310 50 1213 2 (9,18) , (32,45)
766 311 202 1184 5 (16,38) , (37,44) , (45,37) , (46,1) , (17,43)
770 312 60 808 5 (7,24) , (15,10) , (23,22) , (25,4) , (2,36)
770 313 36 783 2 (5,13) , (9,27)
775 314 27 808 3 (0,47) , (4,9) , (20,25)
779 315 36 1068 5 (0,4) , (5,25) , (10,24) , (16,31) , (16,35)
780 316 147 894 1 (47,44)
780 317 208 1107 5 (7,17) , (26,6) , (63,28) , (102,7) , (188,48)
780 318 170 1234 2 (15,38) , (99,14)
781 319 186 1239 5 (17,43) , (17,20) , (38,37) , (56,27) , (3,30)
783 320 103 1289 0 
787 321 211 1037 3 (7,46) , (18,7) , (146,2)
788 322 242 1291 0 
791 323 72 1047 5 (0,18) , (6,15) , (16,24) , (20,23) , (30,49)
795 324 127 947 1 (109,37)
799 325 130 1194 5 (14,13) , (30,18) , (50,16) , (67,32) , (28,0)
804 326 199 1171 4 (33,33) , (41,41) , (41,41) , (86,12)
808 327 190 826 0 
811 328 181 1022 2 (27,25) , (169,0)
816 329 6 1161 3 (0,21) , (0,34) , (3,9)
818 330 159 887 3 (22,27) , (45,45) , (52,40)
821 331 250 1012 0 
821 332 177 944 0 
821 333 199 1174 1 (55,14)
826 334 192 1111 2 (18,19) , (102,38)
828 335 150 1173 2 (15,37) , (24,11)
828 336 96 999 5 (5,18) , (8,21) , (23,43) , (24,42) , (74,15)
831 337 15 899 1 (0,40)
831 338 17 1369 5 (2,29) , (2,16) , (3,5) , (3,23) , (7,7)
832 339 119 921 2 (1,44) , (68,23)
835 340 26 1362 2 (2,7) , (15,16)
840 341 252 1211 5 (15,0) , (26,36) , (35,25) , (52,39) , (138,15)
843 342 194 1088 1 (9,22)
845 343 65 946 0 
846 344 39 1296 0 
847 345 107 1151 3 (6,35) , (6,34) , (34,49)
851 346 55 1091 5 (8,12) , (10,28) , (14,35) , (22,16) , (27,14)
855 347 250 1004 5 (32,2) , (72,40) , (77,0) , (84,9) , (223,14)
860 348 213 1190 4 (10,39) , (31,4) , (48,42) , (106,1)
865 349 103 1155 2 (0,34) , (60,26)
865 350 170 1413 5 (27,35) , (41,35) , (63,27) , (72,36) , (22,15)
868 351 9 1144 3 (0,34) , (0,37) , (6,13)
868 352 59 1314 1 (8,18)
868 353 175 1451 1 (29,0)
870 354 215 1274 1 (58,32)
871 355 124 1271 2 (6,46) , (92,4)
872 356 166 1385 1 (17,44)
873 357 64 1290 3 (9,24) , (17,23) , (48,35)
876 358 13 1053 1 (4,1)
880 359 236 982 3 (11,1) , (51,19) , (112,0)
885 360 166 1179 5 (6,48) , (26,46) , (30,32) , (38,26) , (6,9)
888 361 116 1070 5 (5,42) , (14,8) , (17,28) , (18,46) , (36,0)
890 362 232 1418 3 (13,4) , (24,48) , (112,26)
45 246
