0 0 0 4
4
5 60 100 10 8
25
1 1 20 30 0 
1 2 35 40 0
2 3 134 50 2 (10,2) , (62,20) 
3 4 60 60 3 (10,2) , (22,5) , (30,2) 
5 5 50 60 0 
7 6 200 200 2 (19,22) , (162,20) 
8 7 56 50 0 
8 8 134 140 2 (11,19) , (82,20) 
9 9 60 61 0 
9 10 50 51 0 
10 11 200 252 2 (10,25) , (122,20) 
11 12 56 60 0
12 13 134 140 0 
13 14 60 66 0 
15 15 50 55 0 
20 16 100 102 3 (10,2) , (22,5) , (30,2) 
22 17 56 12 0 
22 18 134 153 0 
26 19 60 74 0 
28 20 13 22 0
30 21 12 12 0 
32 22 44 49 3 (10,2) , (22,5) , (30,2)
33 23 55 120 0 
35 24 35 60 0
40 25 10 70 0 
60 2
150 18
170 24



