3 5 3 4
3
3 13 101 7 9
116
2 1 74 6 4 (8,41) , (13,44) , (18,38) , (47,34)
7 2 174 560 1 (132,25)
12 3 9 268 4 (0,8) , (0,0) , (0,22) , (0,19)
17 4 128 42 1 (7,48)
18 5 176 517 4 (19,19) , (42,32) , (54,38) , (157,9)
23 6 41 357 0 
28 7 217 243 1 (98,14)
31 8 107 85 3 (5,14) , (13,37) , (2,8)
34 9 87 436 2 (6,11) , (82,2)
38 10 60 218 1 (22,29)
41 11 191 300 0 
43 12 31 326 1 (18,29)
44 13 170 143 1 (80,47)
47 14 36 443 3 (4,1) , (9,33) , (13,2)
48 15 106 637 3 (20,21) , (24,29) , (27,1)
53 16 21 177 5 (1,23) , (3,22) , (3,17) , (3,35) , (14,8)
56 17 190 632 1 (31,42)
61 18 38 621 1 (11,32)
61 19 251 491 1 (86,16)
65 20 55 320 4 (9,37) , (11,6) , (15,19) , (37,5)
66 21 179 71 5 (13,39) , (30,49) , (41,40) , (51,30) , (81,33)
67 22 14 426 2 (0,23) , (7,22)
68 23 76 627 4 (11,41) , (25,19) , (38,47) , (50,25)
68 24 134 205 5 (2,30) , (23,15) , (23,1) , (46,46) , (26,22)
71 25 84 217 2 (5,29) , (39,48)
75 26 38 568 0 
80 27 120 594 3 (18,4) , (33,45) , (42,28)
85 28 254 277 1 (100,4)
89 29 249 209 3 (32,33) , (36,13) , (186,19)
90 30 102 681 4 (15,39) , (31,36) , (38,25) , (9,12)
92 31 33 320 5 (0,44) , (2,43) , (5,49) , (5,42) , (27,5)
96 32 22 294 3 (3,29) , (3,39) , (19,35)
100 33 158 555 3 (13,39) , (19,47) , (87,24)
100 34 20 302 5 (3,1) , (5,15) , (8,18) , (8,44) , (6,26)
100 35 111 208 2 (12,48) , (55,18)
103 36 79 579 0 
105 37 42 624 5 (2,45) , (3,48) , (9,28) , (16,40) , (12,36)
108 38 17 627 1 (7,30)
110 39 135 696 2 (0,15) , (27,36)
115 40 31 163 0 
119 41 94 532 1 (90,12)
122 42 115 280 1 (47,40)
125 43 117 393 1 (16,0)
125 44 104 152 2 (13,4) , (63,20)
129 45 138 709 2 (3,10) , (98,36)
132 46 85 281 3 (7,21) , (17,6) , (42,46)
136 47 185 445 4 (26,37) , (38,14) , (44,11) , (117,17)
138 48 134 193 5 (8,22) , (23,46) , (29,43) , (35,28) , (56,15)
139 49 34 585 3 (5,11) , (7,18) , (30,34)
141 50 124 146 0 
144 51 186 152 4 (28,43) , (58,7) , (82,0) , (172,47)
147 52 129 328 4 (5,38) , (7,48) , (21,5) , (68,35)
151 53 174 564 3 (4,48) , (13,49) , (132,48)
152 54 226 435 2 (36,15) , (95,41)
154 55 121 628 3 (2,3) , (3,24) , (48,34)
155 56 164 428 1 (57,31)
155 57 69 415 4 (5,20) , (6,2) , (7,42) , (58,46)
159 58 159 445 1 (10,9)
164 59 24 710 4 (2,40) , (5,3) , (6,30) , (18,34)
167 60 177 711 2 (7,41) , (79,18)
170 61 139 746 2 (6,36) , (28,5)
172 62 23 235 5 (3,46) , (4,13) , (4,8) , (6,37) , (22,14)
175 63 153 250 5 (18,33) , (24,38) , (33,45) , (60,11) , (13,42)
176 64 145 446 0 
176 65 148 569 3 (5,24) , (21,42) , (45,16)
181 66 246 340 5 (24,15) , (39,8) , (44,30) , (71,14) , (243,0)
181 67 135 613 0 
182 68 127 610 2 (9,16) , (29,1)
182 69 172 565 4 (15,39) , (44,2) , (60,2) , (51,12)
187 70 26 235 5 (3,33) , (4,26) , (4,26) , (6,19) , (3,21)
189 71 169 535 4 (6,3) , (30,24) , (36,38) , (80,42)
191 72 203 373 3 (23,20) , (40,13) , (148,39)
194 73 54 486 1 (5,24)
194 74 251 379 3 (23,15) , (23,33) , (82,12)
195 75 5 282 5 (0,24) , (0,42) , (0,42) , (0,40) , (3,20)
195 76 126 425 2 (15,18) , (100,1)
199 77 186 452 3 (4,17) , (11,45) , (60,15)
201 78 108 390 5 (14,18) , (14,31) , (16,42) , (24,9) , (3,26)
201 79 144 690 1 (24,12)
204 80 219 461 5 (22,42) , (56,26) , (75,19) , (99,45) , (156,9)
208 81 30 614 1 (29,19)
209 82 203 239 1 (114,38)
210 83 32 286 3 (4,11) , (8,32) , (26,39)
210 84 186 636 3 (9,23) , (28,12) , (60,16)
210 85 224 562 2 (5,11) , (193,46)
210 86 207 535 4 (40,22) , (49,10) , (60,35) , (85,39)
213 87 168 799 4 (19,23) , (30,41) , (40,6) , (108,21)
214 88 199 752 4 (22,29) , (53,22) , (88,33) , (3,3)
216 89 73 247 2 (2,43) , (24,7)
217 90 154 220 5 (15,31) , (20,12) , (49,45) , (50,28) , (12,7)
220 91 27 321 4 (4,2) , (7,43) , (10,33) , (14,19)
223 92 122 300 0 
226 93 183 468 4 (29,46) , (34,45) , (51,29) , (123,3)
226 94 200 359 4 (23,28) , (24,21) , (30,30) , (151,46)
228 95 197 699 1 (55,16)
229 96 160 339 3 (14,37) , (14,40) , (25,31)
233 97 42 706 0 
234 98 216 802 4 (31,44) , (56,26) , (84,3) , (10,21)
235 99 238 708 5 (27,9) , (39,5) , (67,19) , (74,1) , (18,10)
236 100 100 796 5 (7,26) , (19,7) , (26,45) , (45,42) , (72,22)
241 101 175 277 1 (44,0)
242 102 248 491 2 (22,34) , (117,24)
245 103 20 606 5 (2,37) , (5,36) , (8,19) , (8,31) , (13,36)
249 104 190 723 4 (1,5) , (10,46) , (22,2) , (53,26)
252 105 41 286 2 (2,10) , (31,11)
255 106 188 822 1 (92,35)
259 107 184 625 5 (30,32) , (46,0) , (79,12) , (114,28) , (168,7)
262 108 144 362 1 (0,38)
267 109 107 295 1 (95,37)
269 110 102 495 0 
269 111 158 500 0 
273 112 247 496 3 (7,42) , (9,31) , (236,34)
273 113 114 643 3 (0,41) , (9,10) , (104,47)
274 114 245 432 0 
279 115 72 749 3 (11,17) , (20,22) , (37,24)
281 116 121 502 4 (8,6) , (18,3) , (36,20) , (84,19)
368 32
26 68
115 75
124 101
