6 0 3 0
4
1 72 40 1 0
92
2 1 43 142 1 (30,35)
5 2 169 62 1 (158,40)
7 3 251 240 5 (5,8) , (15,23) , (34,31) , (46,33) , (150,28)
12 4 242 302 5 (40,29) , (67,39) , (111,47) , (125,5) , (23,9)
12 5 135 417 1 (105,41)
13 6 100 456 2 (3,14) , (36,33)
13 7 148 199 2 (11,37) , (72,37)
13 8 74 281 0 
16 9 139 204 4 (24,16) , (37,27) , (56,31) , (6,12)
17 10 243 293 0 
17 11 47 422 0 
19 12 73 170 4 (1,24) , (8,42) , (10,17) , (6,39)
20 13 150 470 0 
20 14 63 29 5 (10,20) , (11,30) , (22,0) , (28,16) , (4,33)
23 15 108 105 3 (5,6) , (18,36) , (32,41)
27 16 144 315 4 (15,29) , (32,48) , (58,12) , (68,7)
28 17 111 170 2 (17,21) , (27,38)
29 18 116 363 2 (1,30) , (75,47)
30 19 40 464 4 (3,44) , (7,18) , (10,20) , (25,5)
32 20 243 309 3 (1,12) , (23,26) , (226,40)
36 21 193 626 2 (15,16) , (9,23)
40 22 249 409 1 (80,17)
45 23 13 584 2 (1,6) , (11,39)
50 24 89 165 2 (11,26) , (88,5)
54 25 244 228 3 (37,48) , (69,12) , (201,30)
55 26 88 644 1 (57,21)
59 27 51 280 3 (1,15) , (9,23) , (22,4)
64 28 178 603 0 
66 29 181 646 0 
69 30 105 381 4 (11,6) , (30,3) , (35,21) , (4,36)
71 31 194 512 0 
76 32 158 463 5 (7,47) , (9,16) , (29,40) , (35,2) , (30,1)
78 33 155 458 5 (28,5) , (40,24) , (70,14) , (85,34) , (1,20)
82 34 126 680 0 
87 35 29 386 1 (7,10)
92 36 237 651 4 (9,7) , (12,5) , (22,34) , (179,17)
92 37 219 398 1 (205,41)
95 38 178 621 3 (13,48) , (16,25) , (170,31)
98 39 6 690 1 (1,10)
103 40 164 437 0 
108 41 173 641 4 (15,9) , (47,47) , (51,34) , (103,12)
111 42 120 506 0 
113 43 44 155 1 (23,3)
114 44 182 149 4 (15,46) , (32,4) , (49,15) , (17,41)
115 45 55 257 5 (1,2) , (1,2) , (1,27) , (9,2) , (31,7)
115 46 203 388 2 (8,21) , (155,29)
116 47 161 149 0 
116 48 229 161 2 (15,27) , (6,23)
120 49 101 540 2 (13,32) , (72,36)
120 50 192 182 2 (0,6) , (66,5)
122 51 24 558 0 
127 52 147 542 3 (25,35) , (41,19) , (34,46)
132 53 248 564 0 
134 54 201 539 2 (12,46) , (185,31)
134 55 75 135 4 (7,38) , (8,49) , (9,28) , (10,32)
137 56 111 341 2 (11,9) , (9,27)
137 57 137 662 0 
138 58 202 363 4 (9,48) , (30,10) , (47,31) , (165,2)
139 59 166 469 3 (2,5) , (14,29) , (44,36)
141 60 227 468 4 (32,12) , (36,11) , (76,11) , (76,7)
146 61 200 322 4 (15,11) , (51,41) , (73,25) , (194,1)
147 62 148 632 0 
150 63 233 216 1 (153,37)
150 64 227 278 4 (42,8) , (78,15) , (83,38) , (111,12)
153 65 199 236 3 (20,47) , (40,9) , (46,1)
156 66 52 514 0 
159 67 124 756 3 (21,5) , (24,22) , (115,20)
163 68 106 722 5 (9,10) , (17,43) , (23,37) , (38,14) , (64,33)
165 69 116 710 3 (2,13) , (7,43) , (48,22)
166 70 196 492 1 (148,13)
171 71 119 647 5 (0,8) , (20,5) , (31,45) , (48,19) , (98,46)
172 72 7 656 0 
173 73 150 503 1 (145,41)
177 74 89 651 3 (8,8) , (20,27) , (46,11)
179 75 183 238 0 
182 76 70 399 3 (6,16) , (9,10) , (42,30)
184 77 57 396 3 (0,1) , (7,37) , (28,30)
188 78 120 485 5 (4,12) , (23,8) , (43,19) , (56,10) , (89,30)
193 79 174 536 4 (10,49) , (43,5) , (52,38) , (102,45)
196 80 143 525 5 (1,13) , (8,46) , (10,23) , (25,39) , (30,47)
197 81 29 451 2 (4,12) , (13,14)
201 82 135 573 0 
205 83 33 761 0 
210 84 198 401 5 (27,5) , (64,13) , (68,47) , (103,24) , (184,30)
210 85 42 514 1 (3,25)
211 86 68 216 1 (42,11)
212 87 107 581 1 (62,21)
217 88 40 556 3 (3,8) , (7,8) , (25,38)
219 89 161 307 3 (14,7) , (15,1) , (30,46)
224 90 203 546 4 (9,49) , (40,43) , (68,29) , (150,18)
225 91 143 715 0 
227 92 93 561 2 (1,39) , (87,48)
