0 0 1 2
5
4 35 38 11 16
110
2 1 115 173 3 (15,2) , (21,20) , (84,22)
7 2 114 314 2 (14,35) , (49,8)
9 3 157 69 3 (12,11) , (14,4) , (104,9)
10 4 97 475 1 (19,11)
14 5 131 52 1 (61,2)
14 6 82 504 1 (17,25)
17 7 20 244 2 (2,17) , (15,3)
20 8 146 268 1 (140,2)
20 9 31 255 2 (3,38) , (28,46)
23 10 48 57 1 (35,33)
28 11 123 336 1 (5,49)
31 12 154 278 3 (16,9) , (36,45) , (38,13)
33 13 203 284 0 
35 14 165 237 1 (25,11)
39 15 21 493 2 (3,13) , (3,39)
43 16 248 607 0 
45 17 54 504 3 (0,36) , (4,12) , (45,45)
48 18 133 647 2 (6,44) , (35,8)
51 19 170 329 0 
53 20 77 340 4 (5,46) , (16,23) , (21,44) , (29,45)
53 21 92 363 5 (11,35) , (27,3) , (28,37) , (33,32) , (83,49)
55 22 228 393 5 (19,34) , (53,34) , (75,9) , (81,30) , (75,14)
58 23 191 94 2 (16,43) , (114,33)
63 24 186 155 3 (35,11) , (55,33) , (67,43)
68 25 239 442 2 (17,9) , (74,45)
71 26 163 385 3 (22,41) , (24,12) , (145,2)
76 27 164 591 3 (28,30) , (55,9) , (128,2)
79 28 67 628 4 (11,39) , (11,14) , (23,8) , (57,24)
83 29 164 321 5 (30,14) , (31,44) , (56,24) , (77,48) , (129,29)
86 30 243 225 0 
88 31 90 392 0 
91 32 31 271 0 
94 33 112 583 3 (13,10) , (23,24) , (33,41)
94 34 253 331 5 (25,28) , (64,46) , (68,11) , (74,28) , (84,7)
95 35 191 139 1 (55,17)
96 36 144 245 0 
98 37 68 485 3 (12,41) , (16,41) , (19,8)
98 38 78 439 3 (12,23) , (25,26) , (16,8)
98 39 212 505 5 (38,41) , (57,36) , (88,2) , (125,45) , (61,41)
102 40 176 534 4 (19,21) , (51,32) , (76,16) , (44,34)
106 41 159 309 3 (4,8) , (30,15) , (37,32)
107 42 203 439 2 (23,26) , (57,20)
112 43 92 608 1 (77,47)
112 44 175 554 2 (15,39) , (155,19)
116 45 151 627 4 (8,29) , (13,9) , (17,28) , (33,6)
116 46 60 181 2 (6,25) , (8,15)
117 47 136 498 2 (5,21) , (133,15)
122 48 189 147 3 (3,1) , (9,44) , (135,21)
122 49 184 225 2 (20,19) , (174,31)
124 50 26 236 5 (2,20) , (3,1) , (4,1) , (6,22) , (6,28)
128 51 248 208 3 (38,47) , (67,20) , (127,23)
129 52 224 715 2 (34,19) , (101,9)
134 53 56 387 2 (2,39) , (14,24)
137 54 58 160 5 (9,0) , (12,43) , (22,42) , (26,7) , (6,0)
139 55 100 212 1 (69,44)
142 56 99 538 3 (8,44) , (10,36) , (65,37)
144 57 13 596 3 (1,34) , (1,13) , (6,0)
149 58 219 266 5 (34,23) , (49,47) , (59,40) , (74,32) , (153,20)
152 59 18 543 3 (1,9) , (2,42) , (17,19)
154 60 17 233 1 (7,43)
157 61 102 659 5 (7,27) , (11,19) , (24,46) , (28,11) , (27,29)
162 62 229 665 2 (15,49) , (82,9)
164 63 249 300 4 (0,18) , (25,47) , (55,44) , (171,10)
166 64 61 545 1 (39,3)
168 65 13 411 3 (0,11) , (1,19) , (1,28)
172 66 199 206 3 (8,43) , (10,16) , (92,47)
176 67 30 704 1 (15,25)
177 68 243 246 0 
181 69 33 431 3 (0,24) , (5,48) , (13,42)
181 70 237 718 5 (16,20) , (43,32) , (62,47) , (67,16) , (195,47)
185 71 55 270 3 (5,3) , (10,23) , (26,14)
190 72 99 270 4 (10,37) , (18,43) , (32,0) , (73,11)
194 73 122 568 5 (5,21) , (5,44) , (21,33) , (42,5) , (103,34)
199 74 253 519 2 (0,22) , (198,20)
204 75 121 276 5 (19,48) , (20,14) , (42,34) , (45,16) , (113,6)
208 76 39 777 4 (6,41) , (8,44) , (12,23) , (37,24)
211 77 50 667 3 (2,13) , (11,1) , (33,10)
213 78 169 349 1 (59,11)
213 79 74 721 1 (13,18)
215 80 25 808 2 (1,14) , (5,48)
220 81 170 632 4 (25,27) , (57,23) , (88,17) , (102,0)
225 82 81 617 1 (10,39)
229 83 184 458 5 (18,40) , (26,8) , (59,49) , (73,23) , (13,11)
229 84 221 549 0 
233 85 145 446 2 (12,27) , (124,32)
238 86 184 592 4 (19,8) , (46,40) , (62,30) , (58,23)
241 87 151 626 4 (15,17) , (39,25) , (39,48) , (134,24)
243 88 77 317 4 (1,24) , (6,2) , (13,27) , (37,47)
246 89 10 344 2 (0,6) , (5,25)
246 90 143 604 3 (17,48) , (17,2) , (99,29)
246 91 221 536 4 (9,38) , (36,44) , (49,22) , (94,8)
249 92 223 693 3 (39,38) , (54,45) , (191,8)
253 93 175 504 2 (18,1) , (22,8)
258 94 192 365 2 (15,18) , (15,47)
260 95 207 572 0 
261 96 39 697 1 (4,22)
262 97 128 536 0 
262 98 106 812 4 (5,49) , (21,33) , (26,13) , (48,29)
264 99 29 762 0 
269 100 94 317 5 (2,13) , (19,13) , (30,43) , (36,36) , (24,19)
272 101 85 296 2 (8,46) , (63,27)
276 102 26 564 4 (0,24) , (2,12) , (4,25) , (17,48)
280 103 52 772 4 (8,47) , (16,9) , (20,24) , (21,17)
284 104 206 407 3 (3,48) , (5,49) , (80,9)
288 105 165 645 3 (28,15) , (29,27) , (74,48)
292 106 26 820 3 (0,20) , (3,21) , (6,43)
294 107 197 552 4 (2,21) , (16,41) , (49,17) , (187,13)
295 108 246 857 3 (21,4) , (29,5) , (12,12)
300 109 44 348 0 
303 110 91 319 3 (4,34) , (20,41) , (13,10)
298 54
382 13
235 54
70 25
