5 4 1 0
2
1 21 50 4 13
101
2 1 36 139 3 (6,35) , (7,30) , (24,41)
3 2 161 460 3 (17,40) , (46,28) , (31,40)
3 3 92 110 3 (13,17) , (13,17) , (1,28)
8 4 142 405 4 (4,11) , (22,16) , (35,4) , (67,5)
12 5 154 341 0 
15 6 19 529 0 
15 7 107 67 4 (19,6) , (31,22) , (37,13) , (82,3)
17 8 197 364 3 (11,4) , (31,2) , (196,4)
22 9 191 426 5 (21,35) , (34,43) , (56,24) , (85,11) , (51,15)
27 10 85 194 2 (3,36) , (64,27)
31 11 78 553 4 (1,12) , (11,41) , (25,47) , (76,20)
33 12 223 157 1 (105,31)
37 13 27 167 4 (1,35) , (3,10) , (7,42) , (4,27)
38 14 99 606 4 (11,21) , (19,46) , (31,13) , (78,12)
43 15 85 590 4 (15,33) , (29,43) , (39,44) , (51,33)
47 16 156 101 0 
48 17 229 469 2 (20,2) , (20,6)
51 18 230 487 5 (40,5) , (83,40) , (105,43) , (140,41) , (214,17)
51 19 61 252 5 (10,1) , (21,29) , (27,46) , (37,49) , (8,37)
55 20 207 330 2 (33,0) , (29,33)
58 21 12 326 5 (1,41) , (1,27) , (2,31) , (2,22) , (3,12)
63 22 28 195 3 (0,6) , (0,29) , (23,33)
68 23 202 150 2 (21,44) , (124,45)
69 24 114 283 3 (20,4) , (39,18) , (37,33)
73 25 99 481 3 (10,47) , (15,27) , (3,25)
75 26 7 247 1 (3,11)
78 27 244 337 4 (31,40) , (59,26) , (64,47) , (15,39)
80 28 165 361 2 (30,29) , (158,4)
82 29 203 218 5 (18,43) , (21,33) , (24,26) , (33,40) , (145,2)
82 30 6 136 2 (0,4) , (3,2)
84 31 37 582 1 (1,15)
86 32 22 318 1 (0,15)
86 33 231 339 1 (144,38)
87 34 22 414 0 
91 35 7 548 5 (0,19) , (0,10) , (0,7) , (0,43) , (4,35)
91 36 160 655 0 
95 37 68 231 2 (1,30) , (37,2)
100 38 76 401 0 
104 39 45 313 1 (10,18)
106 40 56 540 4 (8,21) , (13,20) , (15,49) , (54,2)
106 41 86 442 3 (3,11) , (8,39) , (49,45)
107 42 106 220 1 (27,16)
107 43 84 650 5 (15,42) , (19,38) , (30,14) , (38,8) , (26,34)
110 44 96 461 1 (27,32)
115 45 46 673 5 (8,4) , (16,5) , (24,17) , (30,42) , (14,5)
118 46 239 359 2 (7,43) , (92,2)
118 47 101 360 3 (15,0) , (23,9) , (11,45)
120 48 52 542 3 (8,25) , (10,11) , (2,21)
125 49 200 627 4 (22,49) , (33,49) , (55,31) , (64,12)
128 50 25 648 2 (0,21) , (4,27)
129 51 58 355 4 (9,39) , (15,34) , (25,35) , (37,29)
129 52 159 427 3 (15,6) , (20,33) , (137,22)
131 53 52 256 4 (9,49) , (13,17) , (20,5) , (29,21)
132 54 36 229 5 (0,47) , (6,13) , (7,2) , (9,19) , (20,44)
134 55 217 247 2 (28,49) , (55,7)
136 56 169 349 5 (0,40) , (17,11) , (45,2) , (57,14) , (157,12)
137 57 135 343 3 (23,14) , (29,40) , (19,27)
141 58 74 513 2 (1,23) , (40,2)
145 59 164 628 5 (29,42) , (33,43) , (35,21) , (64,3) , (80,5)
145 60 12 187 0 
148 61 243 660 2 (1,16) , (3,41)
149 62 112 619 2 (15,7) , (36,10)
149 63 26 170 3 (2,9) , (4,22) , (5,7)
151 64 107 164 4 (5,33) , (15,17) , (16,41) , (101,49)
152 65 152 334 5 (13,30) , (13,38) , (15,35) , (26,20) , (123,46)
153 66 134 636 3 (11,41) , (13,49) , (118,29)
153 67 167 486 1 (4,23)
153 68 133 340 4 (15,19) , (36,27) , (48,5) , (122,44)
158 69 222 246 2 (11,17) , (176,6)
159 70 242 715 1 (64,17)
163 71 86 174 3 (4,2) , (4,31) , (80,44)
164 72 15 232 1 (5,32)
167 73 218 212 3 (32,21) , (32,33) , (93,8)
170 74 41 598 0 
173 75 234 379 4 (42,38) , (85,41) , (116,30) , (76,7)
175 76 104 471 5 (15,22) , (30,6) , (46,40) , (62,47) , (62,49)
178 77 51 227 3 (4,20) , (5,32) , (0,20)
183 78 116 254 3 (7,47) , (9,48) , (99,28)
188 79 17 222 0 
191 80 25 701 4 (1,3) , (3,13) , (5,28) , (11,14)
191 81 234 401 2 (36,8) , (231,14)
192 82 249 480 1 (60,39)
196 83 238 340 4 (29,36) , (63,10) , (70,16) , (141,3)
197 84 174 518 2 (12,16) , (126,40)
199 85 48 373 4 (4,15) , (7,42) , (9,9) , (9,0)
204 86 18 431 5 (1,37) , (2,0) , (3,23) , (4,3) , (14,40)
208 87 119 513 2 (19,4) , (55,24)
208 88 87 340 3 (4,19) , (13,16) , (39,6)
213 89 32 360 0 
216 90 7 588 0 
220 91 79 513 4 (11,43) , (16,15) , (28,30) , (15,43)
221 92 227 441 0 
223 93 66 549 0 
223 94 165 745 1 (158,29)
225 95 140 783 3 (8,31) , (25,27) , (88,24)
226 96 25 668 2 (3,18) , (11,11)
230 97 114 419 5 (6,29) , (10,49) , (19,1) , (25,39) , (75,36)
233 98 231 262 5 (1,35) , (15,7) , (43,17) , (44,32) , (70,30)
236 99 90 249 0 
241 100 9 708 3 (0,40) , (0,28) , (0,10)
243 101 118 384 5 (13,38) , (21,26) , (42,26) , (48,30) , (49,40)
