3 2 1 2
7
20 160 106 10 16
30
2 1 87 397 1 (75,4)
6 2 134 68 2 (33,13) , (94,2)
6 3 30 200 0
10 4 110 46 0 
15 5 30 172 2 (7,8) , (31,3)
19 6 62 244 1 (53,3)
23 7 59 268 0 
27 8 129 33 0 
32 9 100 359 3 (18,28) , (26,18) , (54,8)
36 10 56 121 0 
40 11 40 347 1 (12,7)
40 12 120 334 0 
42 13 136 323 0 
46 14 114 129 2 (50,22) , (82,5)
47 15 42 100 1 (6,8)
52 16 78 353 0
54 17 38 60 1 (27,5)
56 18 148 331 3 (12,17) , (22,20) , (117,5)
57 19 90 432 2 (15,1) , (94,3)
58 20 28 227 1 (7,9)
62 21 76 112 0
62 22 74 393 4 (10,19) , (16,24) , (26,8) , (88,2)
64 23 140 377 0
69 24 101 303 1 (27,7)
71 25 52 181 2 (4,27) , (42,2)
72 26 36 454 3 (16,4) , (19,3) , (30,7)
76 27 111 106 2 (6,30) , (11,6)
77 28 13 110 1 (18,8)
78 29 16 118 3 (5,9) , (6,2) , (16,8)
83 30 43 420 0 
4 1
6 2
8 3
286 34
325 188
