1 3 2 1
6
0 26 16 14 10
370
1 1 96 509 3 (14,14) , (15,40) , (81,39)
1 2 39 59 1 (21,38)
3 3 10 56 3 (1,10) , (1,33) , (5,8)
4 4 63 438 3 (5,6) , (9,22) , (54,25)
9 5 205 342 1 (86,31)
13 6 213 145 3 (24,27) , (50,23) , (182,14)
17 7 108 142 2 (16,27) , (28,37)
18 8 74 546 3 (13,27) , (24,20) , (28,13)
20 9 152 356 3 (20,32) , (48,3) , (35,7)
24 10 6 254 2 (0,31) , (2,48)
24 11 213 317 2 (17,41) , (20,0)
29 12 105 143 0 
33 13 5 563 1 (1,49)
37 14 5 538 5 (0,23) , (0,0) , (0,22) , (0,47) , (3,37)
37 15 109 451 5 (5,19) , (18,48) , (34,19) , (40,42) , (99,43)
38 16 141 547 2 (8,8) , (90,19)
40 17 113 136 2 (21,38) , (3,3)
40 18 38 551 4 (6,41) , (11,36) , (11,40) , (12,22)
41 19 239 87 0 
42 20 79 382 4 (14,7) , (28,8) , (33,48) , (11,0)
42 21 33 302 2 (5,1) , (20,34)
43 22 73 193 3 (0,48) , (2,9) , (47,6)
48 23 121 254 1 (1,25)
51 24 207 204 5 (12,15) , (32,33) , (54,16) , (89,33) , (24,12)
54 25 128 160 4 (18,30) , (40,26) , (61,38) , (21,3)
55 26 149 319 3 (0,42) , (25,0) , (78,3)
57 27 54 272 3 (6,5) , (12,16) , (24,37)
62 28 156 362 2 (26,14) , (19,21)
63 29 140 95 0 
65 30 47 651 2 (2,42) , (25,25)
66 31 231 657 3 (28,7) , (64,10) , (52,9)
69 32 70 549 5 (9,42) , (20,34) , (20,43) , (32,15) , (48,35)
72 33 132 74 1 (8,13)
72 34 64 222 2 (0,5) , (63,16)
77 35 98 559 3 (0,27) , (18,6) , (31,0)
78 36 5 176 2 (0,23) , (2,30)
81 37 121 594 1 (72,36)
86 38 107 342 3 (13,41) , (21,4) , (74,22)
91 39 112 171 4 (20,14) , (24,21) , (27,30) , (51,7)
93 40 157 93 3 (13,0) , (38,14) , (88,36)
95 41 193 111 5 (26,26) , (37,39) , (74,16) , (97,14) , (155,41)
97 42 41 123 2 (1,37) , (30,40)
102 43 121 610 5 (19,33) , (32,28) , (42,35) , (51,43) , (20,16)
107 44 157 121 2 (25,17) , (43,17)
110 45 70 504 4 (10,0) , (20,12) , (26,33) , (26,29)
114 46 223 412 5 (38,25) , (55,15) , (72,5) , (100,22) , (62,10)
117 47 207 252 1 (37,22)
120 48 153 168 5 (18,41) , (34,10) , (62,17) , (79,2) , (90,18)
122 49 174 360 0 
127 50 110 645 2 (19,1) , (13,34)
128 51 47 416 3 (6,43) , (7,16) , (15,26)
130 52 36 224 1 (29,40)
135 53 55 627 2 (7,4) , (14,24)
136 54 247 487 4 (0,25) , (34,4) , (81,47) , (145,49)
140 55 66 260 3 (4,37) , (14,16) , (25,25)
144 56 240 289 2 (41,28) , (176,35)
146 57 192 348 1 (124,34)
146 58 130 690 3 (0,43) , (2,1) , (99,45)
148 59 203 217 1 (131,22)
153 60 63 252 0 
155 61 102 218 1 (38,24)
160 62 76 219 5 (11,19) , (16,28) , (28,1) , (34,20) , (28,22)
163 63 250 327 1 (5,29)
165 64 85 270 1 (82,1)
166 65 94 197 1 (56,10)
169 66 83 533 2 (10,20) , (62,21)
172 67 198 762 3 (28,37) , (50,10) , (182,6)
176 68 244 616 2 (21,30) , (173,41)
177 69 171 435 0 
178 70 114 748 5 (20,24) , (40,1) , (46,4) , (62,15) , (2,33)
183 71 182 210 3 (8,12) , (15,0) , (106,48)
185 72 24 768 0 
188 73 176 474 5 (14,4) , (27,18) , (53,14) , (75,42) , (150,39)
190 74 100 366 0 
194 75 41 447 0 
196 76 135 389 5 (3,18) , (21,6) , (27,1) , (41,9) , (133,44)
200 77 235 469 3 (42,25) , (44,24) , (10,15)
203 78 95 778 1 (48,2)
204 79 121 452 4 (11,36) , (18,13) , (32,38) , (12,12)
204 80 83 449 4 (1,43) , (3,21) , (12,23) , (63,22)
209 81 136 758 0 
209 82 230 436 3 (10,28) , (55,34) , (111,16)
212 83 38 649 1 (9,43)
212 84 95 324 3 (10,22) , (20,27) , (64,43)
217 85 28 620 2 (0,41) , (6,26)
221 86 178 366 2 (16,27) , (76,3)
221 87 181 625 5 (16,39) , (31,18) , (44,27) , (62,23) , (12,17)
224 88 29 247 1 (26,12)
229 89 121 747 1 (98,13)
232 90 32 493 1 (7,22)
234 91 49 382 2 (2,30) , (32,30)
234 92 226 694 1 (200,33)
239 93 75 671 2 (10,37) , (20,28)
241 94 219 474 1 (4,3)
246 95 87 765 4 (3,29) , (14,47) , (20,32) , (76,34)
249 96 30 518 5 (3,7) , (5,46) , (9,18) , (9,19) , (21,10)
250 97 113 700 3 (3,49) , (17,4) , (109,49)
252 98 45 817 1 (20,46)
255 99 11 622 3 (0,43) , (0,35) , (0,11)
260 100 188 676 0 
262 101 54 314 2 (5,13) , (18,46)
266 102 99 436 2 (0,6) , (71,29)
268 103 35 403 3 (2,30) , (8,0) , (31,19)
268 104 58 337 1 (11,16)
271 105 57 565 2 (4,40) , (28,20)
276 106 78 865 3 (14,42) , (14,33) , (0,42)
281 107 125 292 4 (11,11) , (13,17) , (22,21) , (117,30)
284 108 154 715 2 (6,33) , (67,13)
287 109 15 571 3 (1,1) , (3,18) , (9,17)
292 110 148 877 5 (12,45) , (15,18) , (39,19) , (47,26) , (101,14)
297 111 60 326 0 
300 112 129 526 2 (1,46) , (99,30)
303 113 156 686 0 
306 114 237 376 5 (39,5) , (59,24) , (83,44) , (103,23) , (129,40)
311 115 110 398 0 
316 116 10 770 1 (4,5)
317 117 30 786 0 
318 118 118 408 1 (43,3)
319 119 84 375 1 (53,40)
319 120 209 527 5 (11,45) , (14,36) , (21,19) , (40,3) , (162,14)
322 121 113 723 4 (0,16) , (14,48) , (35,37) , (84,32)
323 122 92 832 3 (6,21) , (10,26) , (50,6)
327 123 111 766 4 (8,3) , (14,16) , (22,13) , (89,28)
327 124 179 674 0 
329 125 88 825 4 (15,38) , (30,31) , (40,6) , (62,1)
333 126 5 712 3 (0,42) , (0,38) , (4,27)
338 127 41 350 1 (15,25)
342 128 60 764 4 (5,20) , (16,39) , (22,46) , (17,20)
344 129 23 385 2 (0,43) , (12,8)
349 130 147 492 4 (17,25) , (27,26) , (54,26) , (112,7)
353 131 58 726 1 (10,25)
355 132 163 627 2 (17,38) , (35,24)
360 133 37 946 4 (6,11) , (10,31) , (16,34) , (11,43)
360 134 107 440 2 (7,9) , (9,2)
364 135 245 824 0 
368 136 23 758 1 (12,32)
373 137 32 475 1 (23,34)
375 138 38 520 1 (6,49)
377 139 41 859 4 (0,35) , (4,48) , (10,14) , (20,27)
382 140 119 643 3 (15,28) , (31,42) , (63,45)
384 141 38 895 0 
389 142 13 830 4 (0,46) , (1,37) , (2,4) , (3,20)
393 143 151 687 3 (15,14) , (16,15) , (86,47)
394 144 118 680 0 
399 145 144 986 0 
402 146 253 771 2 (30,11) , (242,0)
402 147 180 867 4 (10,39) , (32,9) , (64,36) , (54,22)
405 148 250 633 1 (239,25)
408 149 124 622 4 (17,28) , (23,36) , (44,32) , (3,21)
411 150 8 854 4 (0,15) , (0,24) , (0,17) , (1,30)
412 151 198 873 3 (0,13) , (4,43) , (36,43)
415 152 223 616 3 (9,23) , (32,16) , (42,40)
419 153 206 678 4 (3,28) , (14,11) , (49,48) , (161,2)
421 154 210 507 4 (31,7) , (39,41) , (77,44) , (15,49)
426 155 23 1009 2 (0,16) , (13,17)
430 156 235 830 3 (29,36) , (69,7) , (191,20)
433 157 213 569 0 
434 158 205 665 4 (14,37) , (42,26) , (70,30) , (144,24)
437 159 64 718 1 (57,26)
438 160 93 919 4 (13,9) , (24,35) , (37,37) , (56,26)
441 161 198 788 3 (10,49) , (17,30) , (181,42)
446 162 251 715 5 (26,23) , (29,39) , (33,10) , (61,19) , (81,16)
449 163 112 1031 2 (17,5) , (63,37)
452 164 196 571 2 (36,43) , (11,43)
452 165 124 734 2 (5,27) , (35,45)
453 166 56 1016 4 (6,29) , (15,6) , (21,3) , (43,36)
458 167 123 823 4 (23,24) , (29,21) , (31,36) , (14,31)
459 168 124 873 1 (91,43)
463 169 156 812 1 (63,30)
467 170 201 756 5 (33,13) , (34,43) , (47,22) , (80,24) , (74,32)
468 171 89 762 4 (3,41) , (3,8) , (18,21) , (11,11)
472 172 203 802 5 (3,19) , (26,38) , (38,17) , (64,21) , (141,28)
474 173 37 814 0 
478 174 136 630 1 (18,47)
482 175 220 576 1 (180,36)
487 176 208 758 3 (25,10) , (33,10) , (62,22)
491 177 228 607 2 (43,2) , (24,49)
494 178 149 1086 0 
498 179 136 736 5 (11,7) , (34,10) , (43,15) , (62,19) , (107,38)
502 180 197 839 2 (29,35) , (30,0)
503 181 29 1053 4 (0,33) , (0,2) , (2,0) , (27,21)
507 182 200 1002 0 
511 183 140 711 3 (0,38) , (21,49) , (118,39)
512 184 202 768 0 
516 185 26 686 0 
518 186 43 529 2 (4,35) , (21,48)
521 187 88 743 5 (15,41) , (18,23) , (25,6) , (39,29) , (2,1)
524 188 165 601 5 (15,21) , (46,32) , (69,44) , (73,46) , (164,49)
525 189 117 1011 5 (21,49) , (21,27) , (41,14) , (57,38) , (45,11)
526 190 153 948 3 (15,48) , (30,19) , (47,2)
530 191 87 784 4 (16,4) , (30,8) , (32,37) , (47,26)
534 192 204 1085 5 (5,38) , (21,48) , (55,45) , (87,3) , (44,40)
536 193 141 1016 2 (18,46) , (41,39)
541 194 212 966 4 (40,35) , (59,5) , (99,36) , (94,18)
544 195 13 1069 2 (0,6) , (3,10)
548 196 95 752 0 
551 197 209 608 4 (6,42) , (9,5) , (48,5) , (124,38)
556 198 56 932 0 
559 199 71 665 4 (4,32) , (8,10) , (12,17) , (31,15)
564 200 125 724 0 
568 201 79 609 4 (3,31) , (8,28) , (14,46) , (66,35)
572 202 137 628 5 (18,21) , (39,9) , (44,49) , (48,32) , (18,11)
576 203 154 1166 3 (3,45) , (25,2) , (145,45)
578 204 240 907 5 (25,39) , (40,8) , (40,38) , (46,37) , (153,9)
581 205 253 622 3 (31,21) , (44,0) , (15,30)
583 206 128 1093 3 (12,48) , (13,35) , (67,38)
587 207 247 767 4 (24,6) , (34,48) , (36,20) , (170,10)
592 208 179 1109 0 
597 209 153 653 0 
598 210 42 1063 4 (0,47) , (0,25) , (7,29) , (7,6)
598 211 36 966 5 (3,21) , (6,14) , (9,31) , (12,35) , (23,17)
598 212 136 780 4 (21,27) , (27,24) , (28,8) , (14,33)
603 213 36 721 4 (2,39) , (4,23) , (4,9) , (34,6)
604 214 26 635 5 (4,38) , (4,31) , (8,37) , (12,42) , (11,40)
606 215 19 1059 0 
610 216 189 828 2 (17,4) , (152,29)
613 217 222 825 3 (22,11) , (46,13) , (81,15)
616 218 192 1033 5 (25,1) , (53,12) , (86,14) , (104,48) , (158,19)
616 219 20 802 0 
620 220 45 742 2 (1,29) , (11,9)
620 221 202 1217 2 (22,1) , (188,7)
624 222 6 888 3 (0,32) , (0,45) , (4,36)
629 223 187 922 0 
633 224 107 840 1 (10,48)
638 225 206 683 1 (137,33)
640 226 172 947 1 (107,8)
644 227 180 1009 1 (164,35)
644 228 120 1043 3 (15,17) , (28,1) , (110,15)
648 229 118 998 5 (21,20) , (42,33) , (52,39) , (57,42) , (13,38)
653 230 109 1242 5 (19,14) , (24,10) , (35,6) , (52,47) , (14,2)
656 231 50 1243 3 (0,4) , (2,42) , (30,2)
659 232 168 674 2 (32,24) , (2,7)
661 233 13 661 2 (1,48) , (7,32)
665 234 30 927 5 (1,48) , (5,46) , (6,12) , (6,7) , (26,8)
665 235 110 894 1 (5,44)
667 236 58 1150 0 
670 237 116 949 4 (10,49) , (21,45) , (27,13) , (26,22)
673 238 76 1004 0 
675 239 23 1106 5 (2,32) , (4,35) , (6,11) , (6,20) , (18,35)
677 240 185 1131 5 (26,28) , (52,34) , (63,31) , (99,14) , (40,48)
679 241 62 1028 3 (8,11) , (10,45) , (47,40)
682 242 30 730 0 
683 243 132 926 5 (11,2) , (26,48) , (51,21) , (62,25) , (67,10)
688 244 31 842 0 
691 245 80 1253 2 (5,48) , (69,11)
692 246 201 992 4 (15,7) , (47,41) , (73,15) , (146,34)
696 247 161 945 0 
696 248 150 1091 4 (16,15) , (27,45) , (30,3) , (103,16)
699 249 69 802 1 (56,19)
699 250 211 1283 3 (10,31) , (34,11) , (207,23)
700 251 158 1209 1 (31,22)
704 252 128 957 0 
705 253 92 806 3 (16,49) , (28,7) , (25,9)
707 254 65 972 5 (5,22) , (17,42) , (28,29) , (36,44) , (56,40)
711 255 244 878 2 (6,26) , (230,10)
713 256 174 1283 2 (10,29) , (76,47)
717 257 13 1005 2 (0,41) , (10,9)
717 258 139 810 4 (17,31) , (18,24) , (29,45) , (92,22)
717 259 131 1201 0 
720 260 133 962 5 (5,0) , (9,7) , (28,34) , (53,35) , (69,23)
722 261 31 821 2 (3,41) , (24,49)
724 262 34 1006 5 (4,16) , (5,16) , (10,34) , (10,16) , (22,6)
726 263 199 850 1 (55,43)
727 264 212 1176 1 (195,37)
728 265 204 947 0 
731 266 177 829 5 (25,27) , (31,6) , (38,20) , (61,10) , (49,46)
731 267 248 997 1 (120,49)
734 268 138 1076 4 (20,11) , (35,41) , (42,13) , (13,3)
735 269 78 1063 1 (28,0)
740 270 240 967 3 (36,0) , (74,39) , (174,4)
742 271 52 968 2 (9,45) , (10,18)
747 272 109 866 2 (1,38) , (95,33)
747 273 236 1204 5 (33,47) , (67,18) , (71,13) , (114,42) , (206,31)
747 274 89 1244 0 
747 275 185 1021 5 (12,49) , (37,35) , (37,38) , (62,7) , (127,12)
748 276 61 1330 3 (8,40) , (13,36) , (30,38)
753 277 100 1100 0 
753 278 74 862 0 
757 279 105 1189 5 (20,31) , (22,0) , (34,15) , (37,29) , (89,30)
760 280 58 1125 4 (5,8) , (8,41) , (16,40) , (13,21)
763 281 80 919 5 (11,5) , (15,46) , (22,41) , (31,24) , (65,44)
764 282 143 1113 1 (26,0)
766 283 9 965 4 (0,24) , (0,3) , (0,16) , (4,18)
768 284 26 1210 5 (4,37) , (8,46) , (9,38) , (10,28) , (14,17)
771 285 45 1154 1 (5,40)
775 286 9 1051 4 (0,9) , (0,18) , (0,8) , (0,38)
778 287 174 868 5 (21,36) , (39,31) , (65,29) , (88,46) , (20,22)
779 288 148 1166 4 (10,34) , (20,8) , (48,0) , (39,27)
779 289 117 882 0 
781 290 123 892 3 (5,28) , (10,13) , (62,35)
784 291 180 796 3 (23,32) , (35,1) , (100,15)
784 292 76 872 5 (7,38) , (15,2) , (18,16) , (29,37) , (72,33)
789 293 126 838 2 (3,25) , (59,13)
790 294 35 1019 0 
794 295 210 1108 2 (12,14) , (120,45)
795 296 96 1217 1 (2,41)
796 297 221 1323 4 (10,29) , (44,27) , (83,13) , (185,21)
800 298 196 1191 4 (25,3) , (31,36) , (65,43) , (127,18)
803 299 71 1259 0 
807 300 230 1088 1 (173,14)
811 301 36 1015 4 (3,5) , (8,12) , (14,31) , (10,9)
812 302 13 1264 4 (0,24) , (1,5) , (1,37) , (7,49)
813 303 199 818 4 (20,11) , (24,4) , (41,15) , (70,34)
814 304 250 936 5 (47,11) , (66,18) , (80,1) , (93,14) , (167,5)
818 305 83 1286 4 (2,45) , (4,1) , (16,45) , (31,7)
818 306 164 1078 3 (9,14) , (23,45) , (155,17)
818 307 185 1162 4 (7,11) , (15,0) , (16,32) , (71,36)
822 308 73 1357 4 (7,21) , (10,22) , (10,45) , (48,47)
823 309 236 850 0 
828 310 156 1138 0 
833 311 90 1288 1 (59,37)
833 312 188 1176 4 (5,3) , (29,35) , (35,2) , (174,3)
836 313 254 1211 5 (32,48) , (74,20) , (115,0) , (140,33) , (80,38)
841 314 74 910 3 (1,36) , (6,3) , (57,27)
845 315 80 1204 1 (26,30)
849 316 69 1447 1 (59,21)
852 317 55 1066 0 
857 318 48 874 2 (3,24) , (23,48)
862 319 72 1156 4 (13,40) , (19,6) , (27,47) , (8,39)
865 320 63 1222 5 (5,6) , (5,49) , (11,27) , (17,6) , (18,46)
869 321 232 1203 0 
873 322 227 1280 2 (17,30) , (170,14)
875 323 100 1331 2 (3,0) , (42,6)
875 324 69 1091 1 (11,49)
875 325 75 1226 1 (25,31)
876 326 128 953 2 (0,1) , (123,34)
878 327 104 1348 5 (8,37) , (23,38) , (23,47) , (36,24) , (5,37)
878 328 171 1229 3 (1,26) , (14,27) , (163,48)
883 329 171 1345 3 (15,37) , (16,1) , (134,7)
887 330 84 1340 3 (0,1) , (6,27) , (82,3)
891 331 180 1331 5 (26,21) , (36,28) , (47,23) , (54,44) , (64,4)
892 332 164 1422 0 
897 333 70 1488 3 (8,34) , (21,19) , (2,38)
901 334 207 1094 2 (19,31) , (90,17)
903 335 113 1076 0 
905 336 58 1245 5 (6,10) , (16,8) , (19,40) , (27,31) , (1,48)
907 337 225 1376 0 
911 338 236 1502 2 (4,21) , (108,40)
912 339 51 1310 1 (8,12)
913 340 105 976 3 (16,37) , (30,9) , (51,5)
918 341 19 1291 2 (0,3) , (14,26)
920 342 117 1290 4 (5,22) , (12,43) , (15,27) , (0,9)
920 343 112 1033 1 (70,48)
923 344 105 1018 1 (89,25)
923 345 33 1439 3 (2,2) , (4,2) , (4,34)
926 346 188 937 3 (25,30) , (55,44) , (89,22)
930 347 32 1371 3 (2,21) , (5,39) , (18,40)
931 348 132 1287 5 (18,2) , (34,34) , (38,17) , (47,3) , (113,18)
933 349 92 1130 1 (35,31)
935 350 51 1016 2 (6,8) , (20,45)
938 351 114 1409 4 (5,2) , (12,25) , (21,44) , (104,28)
942 352 200 1440 0 
946 353 242 1417 2 (39,37) , (4,29)
946 354 41 1226 3 (3,46) , (5,32) , (38,41)
947 355 120 1510 5 (13,1) , (25,26) , (39,28) , (42,1) , (98,25)
951 356 141 1482 2 (7,7) , (40,14)
955 357 228 1514 0 
958 358 234 1412 0 
963 359 50 1291 5 (3,34) , (7,33) , (14,26) , (18,30) , (40,46)
964 360 11 1380 1 (2,40)
968 361 120 1367 4 (21,18) , (35,4) , (43,23) , (78,5)
970 362 165 1494 4 (17,9) , (32,49) , (59,22) , (44,17)
970 363 192 1311 4 (15,0) , (15,2) , (24,40) , (87,46)
974 364 212 1228 5 (19,24) , (55,44) , (69,0) , (88,24) , (182,29)
977 365 57 1249 4 (4,12) , (4,22) , (11,17) , (42,47)
981 366 218 1356 4 (1,44) , (6,26) , (8,27) , (39,38)
986 367 160 1184 1 (121,36)
990 368 112 1481 5 (18,14) , (21,22) , (29,15) , (40,45) , (42,5)
995 369 237 1036 4 (4,28) , (10,19) , (38,25) , (14,31)
1000 370 51 1445 0 
79 62
183 27
212 265
316 26
221 173
