5 1 0 3
0
5 16 5 13 10
77
0 1 224 354 3 (26,30) , (33,28) , (35,30)
4 2 28 579 5 (0,40) , (4,30) , (6,1) , (6,5) , (14,38)
9 3 157 357 0 
9 4 56 395 3 (7,1) , (16,48) , (13,33)
10 5 108 532 2 (20,12) , (106,40)
15 6 218 396 4 (38,12) , (57,47) , (91,34) , (125,14)
17 7 67 391 0 
17 8 215 225 4 (5,2) , (38,33) , (46,33) , (76,23)
20 9 148 268 3 (8,27) , (15,47) , (99,4)
21 10 248 301 5 (7,39) , (53,23) , (96,48) , (136,10) , (40,28)
26 11 157 184 5 (2,3) , (6,41) , (19,31) , (23,13) , (46,37)
29 12 57 320 2 (8,20) , (29,11)
34 13 132 99 2 (15,24) , (69,14)
38 14 45 119 2 (6,11) , (41,24)
38 15 150 123 5 (22,32) , (44,6) , (50,31) , (57,44) , (71,44)
38 16 90 439 3 (6,1) , (16,18) , (11,32)
42 17 190 239 2 (21,31) , (99,4)
44 18 38 174 3 (5,28) , (9,13) , (11,25)
48 19 54 629 5 (1,40) , (5,21) , (14,4) , (22,22) , (39,24)
51 20 122 496 1 (103,41)
56 21 199 361 5 (10,26) , (18,48) , (24,26) , (36,30) , (59,10)
59 22 55 474 2 (8,44) , (12,28)
61 23 112 168 4 (13,2) , (18,2) , (22,28) , (61,43)
66 24 171 369 1 (45,46)
68 25 36 560 0 
72 26 206 634 4 (22,36) , (33,22) , (40,0) , (80,7)
72 27 37 565 5 (1,20) , (4,35) , (6,39) , (7,8) , (5,0)
75 28 245 511 0 
75 29 77 260 5 (8,1) , (14,43) , (20,37) , (23,15) , (68,13)
76 30 91 554 0 
76 31 38 86 0 
81 32 194 312 3 (0,21) , (19,9) , (72,23)
84 33 185 144 1 (3,7)
87 34 186 108 0 
92 35 110 455 2 (10,26) , (92,43)
92 36 137 386 3 (18,21) , (31,12) , (73,1)
94 37 182 661 0 
99 38 11 402 5 (0,26) , (1,13) , (2,49) , (2,22) , (7,19)
99 39 35 246 0 
104 40 197 380 5 (28,46) , (46,23) , (81,41) , (83,11) , (32,45)
106 41 226 517 5 (16,26) , (21,9) , (27,46) , (30,6) , (59,14)
107 42 231 283 4 (44,23) , (76,2) , (93,1) , (51,41)
112 43 197 513 5 (26,20) , (55,26) , (58,4) , (69,46) , (15,8)
117 44 103 683 5 (3,21) , (11,4) , (24,30) , (40,43) , (20,24)
122 45 157 148 2 (10,29) , (25,31)
122 46 112 432 3 (9,29) , (11,13) , (65,3)
123 47 196 460 5 (34,32) , (63,8) , (74,4) , (96,19) , (18,33)
126 48 131 350 4 (6,40) , (26,28) , (39,39) , (19,14)
126 49 238 603 5 (31,38) , (65,41) , (100,26) , (138,3) , (157,36)
130 50 163 651 4 (12,38) , (16,44) , (37,34) , (73,7)
134 51 99 578 3 (0,7) , (7,13) , (64,36)
134 52 51 561 3 (2,34) , (6,30) , (33,43)
135 53 163 382 4 (23,44) , (29,6) , (44,20) , (12,25)
137 54 199 270 2 (24,2) , (194,11)
137 55 115 383 1 (72,45)
142 56 216 214 3 (29,28) , (37,7) , (57,47)
143 57 156 400 4 (8,46) , (26,49) , (39,28) , (129,12)
145 58 199 376 1 (154,12)
146 59 107 520 4 (6,18) , (22,29) , (37,1) , (21,9)
147 60 180 410 3 (26,4) , (43,1) , (156,29)
150 61 19 543 5 (1,0) , (3,8) , (5,35) , (7,12) , (15,30)
155 62 199 492 5 (35,23) , (68,20) , (86,0) , (97,32) , (57,46)
155 63 65 688 4 (4,9) , (10,40) , (19,2) , (35,33)
160 64 112 364 2 (11,27) , (28,24)
160 65 108 170 1 (84,5)
164 66 108 576 1 (81,14)
166 67 40 314 1 (39,23)
171 68 171 467 2 (30,28) , (104,24)
175 69 11 520 2 (0,2) , (9,9)
180 70 126 525 5 (19,15) , (22,35) , (46,32) , (58,8) , (122,2)
180 71 171 257 2 (5,20) , (136,46)
185 72 27 747 2 (1,21) , (20,20)
190 73 179 326 4 (0,14) , (33,22) , (51,6) , (36,0)
191 74 186 421 2 (34,37) , (97,8)
196 75 240 704 2 (20,18) , (181,0)
200 76 226 756 3 (30,30) , (66,2) , (196,44)
203 77 213 483 2 (35,0) , (89,8)
392 54
74 46
196 2
