4 5 1 3
1
3 20 85 12 19
191
2 1 154 93 3 (10,24) , (25,5) , (162,4)
6 2 96 218 4 (8,27) , (27,27) , (45,8) , (66,8)
9 3 88 150 5 (17,21) , (26,15) , (40,28) , (48,8) , (49,1)
12 4 132 89 1 (116,2)
15 5 111 51 3 (8,20) , (29,2) , (60,10)
17 6 34 165 3 (8,4) , (11,23) , (27,6)
21 7 96 315 1 (72,10)
25 8 122 301 1 (88,4)
28 9 9 245 3 (3,17) , (4,25) , (4,6)
30 10 102 253 2 (11,20) , (33,9)
33 11 22 66 0 
37 12 112 382 2 (9,1) , (21,5)
38 13 39 197 3 (7,9) , (9,4) , (28,7)
42 14 87 337 2 (3,30) , (50,10)
42 15 100 154 2 (22,9) , (64,4)
42 16 122 132 0 
43 17 110 152 1 (21,5)
44 18 140 223 2 (10,7) , (105,1)
49 19 25 387 4 (5,10) , (7,2) , (11,23) , (11,8)
53 20 105 290 0 
55 21 50 319 3 (3,5) , (9,17) , (26,5)
55 22 121 366 1 (50,3)
58 23 98 179 2 (9,23) , (14,4)
59 24 11 147 1 (9,7)
63 25 57 130 0 
64 26 59 375 5 (10,22) , (11,2) , (20,17) , (24,19) , (30,6)
66 27 61 464 4 (8,6) , (12,19) , (14,2) , (64,10)
69 28 116 254 4 (22,30) , (43,10) , (50,14) , (154,1)
74 29 147 419 4 (18,3) , (45,14) , (68,6) , (185,7)
79 30 29 284 2 (7,14) , (34,5)
79 31 137 285 3 (21,27) , (45,1) , (62,1)
80 32 11 392 0 
84 33 72 243 1 (6,5)
84 34 134 249 2 (15,16) , (56,9)
86 35 53 450 5 (11,28) , (14,22) , (16,1) , (25,21) , (39,3)
90 36 108 323 0 
90 37 53 201 5 (7,28) , (16,11) , (25,28) , (26,17) , (77,1)
90 38 6 483 4 (3,17) , (4,13) , (5,27) , (6,7)
91 39 30 465 3 (8,15) , (10,26) , (22,8)
96 40 98 202 0 
96 41 75 491 3 (10,12) , (17,3) , (36,6)
98 42 105 259 3 (3,20) , (5,17) , (19,5)
103 43 82 501 4 (5,18) , (7,22) , (9,18) , (65,5)
105 44 49 390 5 (11,15) , (16,16) , (20,12) , (26,18) , (31,4)
108 45 80 267 4 (16,14) , (27,9) , (31,17) , (45,4)
110 46 48 169 0 
111 47 123 160 5 (14,4) , (36,20) , (49,9) , (54,10) , (85,9)
114 48 38 156 4 (3,16) , (8,9) , (9,24) , (16,6)
115 49 80 363 4 (18,15) , (28,12) , (42,22) , (60,2)
120 50 52 242 2 (6,10) , (29,4)
120 51 22 404 0 
124 52 36 516 5 (5,6) , (9,18) , (10,18) , (12,13) , (35,10)
125 53 70 500 4 (13,28) , (24,12) , (25,17) , (61,3)
126 54 129 369 4 (13,22) , (14,25) , (37,15) , (89,3)
130 55 141 501 0 
135 56 31 505 2 (7,15) , (33,9)
136 57 33 396 3 (3,9) , (6,26) , (6,1)
138 58 94 505 5 (4,7) , (8,9) , (10,3) , (23,14) , (69,10)
142 59 77 384 4 (4,8) , (17,20) , (29,5) , (60,8)
144 60 27 501 4 (6,6) , (11,21) , (15,3) , (15,1)
145 61 57 378 2 (7,6) , (36,6)
147 62 21 351 5 (6,1) , (7,6) , (11,24) , (13,24) , (17,9)
150 63 77 151 3 (9,23) , (20,5) , (57,8)
152 64 56 180 1 (15,5)
154 65 92 493 1 (88,1)
159 66 118 224 2 (12,5) , (120,9)
160 67 80 193 4 (8,24) , (23,22) , (30,30) , (64,6)
162 68 50 289 5 (9,17) , (18,20) , (20,18) , (21,21) , (20,1)
162 69 87 207 0 
166 70 59 485 2 (11,11) , (17,1)
169 71 94 246 1 (39,5)
172 72 43 181 3 (8,3) , (9,2) , (43,3)
177 73 92 414 2 (8,18) , (10,7)
180 74 30 322 1 (26,2)
184 75 101 253 1 (77,3)
186 76 25 354 5 (5,25) , (8,3) , (13,1) , (15,6) , (32,9)
186 77 85 335 3 (7,17) , (14,3) , (82,7)
189 78 121 415 3 (20,24) , (22,17) , (43,4)
192 79 135 228 0 
194 80 141 563 1 (60,1)
196 81 46 480 0 
198 82 85 214 4 (5,27) , (16,4) , (22,28) , (40,8)
200 83 20 262 0 
205 84 40 294 1 (6,1)
205 85 129 446 4 (21,6) , (36,24) , (37,15) , (137,6)
210 86 83 416 3 (13,24) , (26,1) , (74,1)
213 87 144 578 1 (127,9)
214 88 56 292 5 (10,20) , (14,13) , (18,4) , (19,20) , (38,2)
214 89 96 535 0 
219 90 138 579 4 (29,7) , (46,4) , (48,23) , (95,6)
219 91 19 563 2 (5,20) , (12,1)
223 92 9 471 5 (3,30) , (4,18) , (5,15) , (6,27) , (8,6)
226 93 85 618 2 (12,2) , (66,2)
229 94 63 306 3 (12,16) , (14,14) , (47,10)
231 95 123 441 1 (69,5)
235 96 43 346 3 (9,11) , (12,8) , (30,3)
239 97 26 560 4 (6,25) , (7,2) , (12,10) , (21,1)
241 98 133 390 4 (7,26) , (19,10) , (31,18) , (57,2)
242 99 60 435 4 (3,14) , (13,30) , (24,22) , (38,9)
242 100 135 319 2 (15,9) , (108,4)
247 101 79 642 1 (2,9)
252 102 92 314 2 (8,1) , (72,9)
254 103 89 408 3 (9,30) , (20,1) , (91,9)
257 104 25 535 5 (3,7) , (7,2) , (9,14) , (13,10) , (13,6)
262 105 124 273 3 (25,22) , (43,12) , (79,2)
265 106 49 412 4 (3,25) , (7,23) , (14,9) , (30,5)
269 107 15 435 4 (4,1) , (7,17) , (8,7) , (7,6)
272 108 115 445 3 (9,17) , (17,11) , (122,4)
272 109 43 647 0 
272 110 21 661 3 (6,19) , (9,22) , (14,4)
277 111 65 474 2 (6,17) , (36,4)
279 112 12 386 5 (3,23) , (5,3) , (6,25) , (8,24) , (7,9)
280 113 32 648 5 (5,19) , (6,15) , (8,1) , (13,21) , (39,3)
282 114 125 324 5 (13,23) , (14,25) , (22,1) , (33,4) , (55,6)
286 115 14 512 0 
290 116 26 515 5 (4,27) , (6,4) , (9,4) , (12,9) , (35,10)
293 117 80 488 5 (15,6) , (24,8) , (30,13) , (44,25) , (74,3)
293 118 29 578 5 (4,25) , (5,27) , (7,25) , (12,9) , (23,4)
294 119 38 538 3 (8,3) , (15,28) , (41,1)
299 120 24 301 3 (5,6) , (8,25) , (30,9)
301 121 20 430 3 (3,23) , (5,7) , (13,5)
305 122 19 527 2 (4,27) , (4,8)
306 123 101 672 5 (20,22) , (23,17) , (41,27) , (51,6) , (76,8)
308 124 118 415 1 (90,1)
311 125 140 486 2 (29,7) , (126,10)
314 126 38 423 4 (9,28) , (14,9) , (16,27) , (43,8)
318 127 20 677 1 (15,8)
320 128 127 627 5 (9,8) , (18,13) , (38,14) , (46,16) , (102,8)
325 129 41 489 2 (5,7) , (34,4)
329 130 72 554 2 (3,16) , (26,10)
329 131 136 566 2 (18,27) , (18,8)
333 132 71 680 3 (13,21) , (15,7) , (47,2)
337 133 113 346 1 (12,9)
337 134 67 618 2 (6,4) , (27,5)
342 135 149 553 4 (30,10) , (41,15) , (50,17) , (70,5)
343 136 31 736 5 (5,5) , (11,9) , (16,8) , (20,11) , (47,2)
344 137 139 367 4 (28,17) , (29,15) , (30,12) , (124,10)
346 138 70 478 5 (10,27) , (21,30) , (26,13) , (38,29) , (53,10)
347 139 109 454 2 (23,23) , (25,8)
347 140 72 653 3 (10,26) , (20,11) , (56,4)
350 141 154 676 2 (17,28) , (103,2)
351 142 7 737 4 (3,3) , (4,23) , (5,4) , (4,7)
352 143 71 680 5 (13,21) , (18,27) , (29,10) , (40,13) , (75,4)
356 144 35 373 5 (5,25) , (9,29) , (13,19) , (18,8) , (21,10)
361 145 30 471 4 (6,6) , (10,29) , (11,14) , (24,2)
363 146 107 399 4 (19,9) , (29,5) , (32,7) , (68,8)
367 147 17 731 2 (3,18) , (16,1)
368 148 151 644 2 (4,11) , (30,3)
369 149 87 541 4 (10,9) , (17,22) , (19,9) , (44,3)
373 150 127 491 5 (23,4) , (48,21) , (64,6) , (87,17) , (131,10)
376 151 7 432 0 
379 152 100 418 1 (89,8)
380 153 109 532 5 (9,8) , (25,23) , (28,18) , (35,17) , (60,3)
380 154 142 385 5 (18,14) , (34,10) , (38,27) , (56,29) , (182,3)
385 155 50 429 3 (9,9) , (13,10) , (44,9)
388 156 94 421 0 
389 157 77 631 4 (6,12) , (8,18) , (12,22) , (61,5)
392 158 82 697 4 (7,8) , (23,8) , (28,2) , (37,8)
393 159 87 736 4 (9,22) , (20,25) , (35,12) , (51,8)
393 160 121 700 2 (13,5) , (114,8)
393 161 154 557 5 (26,25) , (43,12) , (58,14) , (66,27) , (190,1)
394 162 106 488 2 (4,15) , (79,3)
397 163 126 484 3 (23,9) , (29,16) , (131,10)
401 164 107 662 0 
401 165 119 614 3 (25,8) , (47,12) , (136,8)
402 166 33 754 1 (3,9)
404 167 134 600 5 (3,30) , (23,12) , (47,22) , (56,10) , (162,2)
405 168 16 748 4 (5,28) , (8,14) , (11,16) , (15,2)
409 169 15 630 4 (5,1) , (6,3) , (7,25) , (13,5)
409 170 126 689 4 (4,16) , (25,18) , (29,16) , (55,5)
410 171 39 559 4 (3,6) , (5,10) , (6,12) , (10,2)
410 172 146 483 0 
410 173 133 607 2 (15,28) , (128,1)
415 174 54 655 2 (9,18) , (53,7)
420 175 35 818 5 (6,24) , (8,2) , (13,29) , (20,4) , (35,7)
422 176 151 449 4 (5,11) , (22,20) , (29,24) , (170,9)
423 177 129 514 3 (3,28) , (5,6) , (7,7)
423 178 19 775 3 (5,1) , (6,18) , (23,2)
428 179 87 818 3 (17,21) , (21,27) , (68,10)
433 180 124 448 1 (34,3)
437 181 26 820 4 (4,20) , (9,20) , (14,9) , (19,6)
437 182 126 544 3 (24,17) , (41,2) , (122,9)
438 183 116 550 5 (10,4) , (17,6) , (18,30) , (40,7) , (100,8)
443 184 87 593 2 (3,20) , (20,7)
443 185 30 821 5 (6,3) , (8,6) , (10,17) , (14,29) , (27,1)
445 186 87 484 0 
448 187 71 535 4 (6,28) , (13,7) , (21,12) , (53,9)
448 188 16 571 1 (5,2)
448 189 15 567 4 (5,24) , (6,29) , (9,9) , (8,6)
448 190 67 587 3 (10,17) , (20,20) , (49,2)
453 191 120 667 3 (8,28) , (31,19) , (46,9)
374 25
367 9
81 27
75 88
471 14
