TT     PID     AT     CT   IO_D      WT     RT    TRT
16      2     10     56      0        5      0      5
21      3     15    134      0        5      0      5
134     14     63     34      0       70     35     70
489     10     45    200      0      443    242    443
920      5     25     27      0      894     73    894
931     23     87     20      0      843     17    843
1136     48    187     20      0      948     48    948
1173     30    125     27      0     1047     18   1047
1291     13     54     92      5     1236      0   1236
1660     73    287     20      0     1372    106   1372
1969     55    225     27      0     1743     76   1743
1987     50    200     35      0     1786     53   1786
2035     98    387     20      0     1647    150   1647
2080     25    100     35      0     1979     22   1979
2102     64    263     34      0     1838     67   1838
2123     80    325     27      0     1797    118   1797
2179     12     50     80      4     2128    186   2128
2334     39    163     34      0     2170     48   2170
2393      7     39     73      9     2353     91   2353
2535     24     95     40      3     2439     18   2439
2560     75    300     35      0     2259    108   2259
2618     89    363     34      0     2254    137   2254
2644     49    195     40      3     2448     67   2448
2695     74    295     40      3     2399     95   2399
2782    100    400     35      0     2381    155   2381
2832     99    395     40      3     2436    121   2436
3101      4     20     81      5     3080      0   3080
3443      8     41     90     30     3401    123   3401
3471     27    110     56     27     3360     15   3360
3531     52    210     56     27     3320     57   3320
3682      9     43    121     21     3638      0   3638
4078     77    310     56     27     3767    112   3767
4163     19     74     93     14     4088      0   4088
4226     37    150     80      4     4075     28   4075
4642     87    350     80      4     4291    135   4291
4681     15     65     88     22     4615      0   4615
4696     40    165     88     22     4530     52   4530
4837     32    139     73      9     4697     33   4697
4900     20     77    108      0     4822      9   4822
4964     44    174     93     14     4789     43   4789
5008     11     48    134      4     4959    157   4959
5074     57    239     73      9     4834     83   4834
5095     95    377    108      0     4717    145   4717
5122     29    120     81      5     5001     31   5001
5154     62    250     80      4     4903     93   4903
5163     82    339     73      9     4823    125   4823
5174     47    183    127      0     4990     64   4990
5194     28    115    134      0     5078     27   5078
5195     97    383    127      0     4811    148   4811
5254     63    254     92      5     4999     98   4999
5281     90    365     88     22     4915    141   4915
5293     35    145    200      0     5147     42   5147
5480     54    220     81      5     5259     72   5259
5565     33    141     90     30     5423     37   5423
5601     38    154     92      5     5446     30   5446
5622     65    265     88     22     5356     71   5356
5634     58    241     90     30     5392     62   5392
5762     79    320     81      5     5441    117   5441
5905     69    274     93     14     5630     80   5630
6004     88    354     92      5     5649    105   5649
6071     94    374     93     14     5696    115   5696
6291      6     30    107     22     6260     71   6260
6386     83    341     90     30     6044    129   6044
6521     45    177    108      0     6343     46   6343
6651     59    243    121     21     6407     88   6407
6678     70    277    108      0     6400     83   6400
6783     84    343    121     21     6439    101   6439
6821     56    230    107     22     6590     80   6590
6832      1      1    200     37     6830      0   6830
6833     22     83    127      0     6749      3   6749
6860     31    130    107     22     6729     30   6729
6926     81    330    107     22     6595    122   6595
7145     34    143    121     21     7001     41   7001
7453     72    283    127      0     7169     89   7169
7464     42    169    150     15     7294     57   7294
7476     67    269    150     15     7206    101   7206
7484     92    369    150     15     7114    143   7114
7595     36    148    134      4     7446     24   7446
7628     53    215    134      0     7412     61   7412
7715     78    315    134      0     7399     96   7399
7755     18     71    161     19     7683     24   7683
7911     61    248    134      4     7662     92   7662
7954     86    348    134      4     7605    131   7605
7975     17     69    150     15     7905      5   7905
8297     43    171    161     19     8125     37   8125
8387     68    271    161     19     8115     77   8115
8465     96    380    183     34     8084    118   8084
8474     93    371    161     19     8102    112   8102
8624     16     68    199     20     8555      0   8555
8633     21     80    183     34     8552      0   8552
8848     51    201    200     37     8646     55   8646
8852     46    180    183     34     8671     61   8671
8854     41    168    199     20     8685     55   8685
8860     76    301    200     37     8558    110   8558
8861     71    280    183     34     8580     86   8580
8896     26    101    200     37     8794     24   8794
8908     60    245    200      0     8662     67   8662
8923     85    345    200      0     8577    102   8577
8924     66    268    199     20     8655     74   8655
8929     91    368    199     20     8560    109   8560
Processes: 100
Avg WT = 5020.65,   Avg RT = 72.05,   Avg TRT = 5020.65
Migration %:      RTF =117% ,      MaxW = 0%
Work Steal %: 23%
Forked Process %: 0%
Killed Process %: 2%
Temination Before DeadLine %: 0%
Processors: 7 [1 FCFS, 2 SJF, 3 RR, 1 EDF]
Processors Load
p1=0.0936255%,  p2=0.0976096%,  p3=0.0195219%,  p4=1.02769%,  p5=1.74821%,  p6=0%,  p7=0%
Processor Utiliz
p1=5.26434%,  p2=5.48835%,  p3=1.09767%,  p4=57.7845%,  p5=98.2975%,  p6=0%,  p7=0%,  
Avg utilization = 23.9903%