TT     PID     AT     CT   IO_D      WT     RT    TRT
128      5      3    123      0      124      0    124
131      1      1     10      5      129      0    129
149     12      6    123      0      142     18    142
296     18      9    110      0      286      2    286
300      2      1     20     65      298      0    298
392     28     50     22     18      341     11    341
514      7      4     22     20      509      3    509
581     19     10     22     18      570    173    570
592     26     39     56      0      552     10    552
648      8      4     45      5      643      7    643
915     17      9     56     15      905    157    905
996     13      7    129      5      988      0    988
1036     11      6    111     15     1029      2   1029
1477      9      5    214      0     1471     10   1471
1503     22     17    129      5     1485      6   1485
1545     24     28    244     20     1516      3   1516
1565     21     16    123      0     1548      6   1548
1672     27     49    110     15     1622      4   1622
1707     29     51    142     38     1655     14   1655
1747     25     38    214     21     1708      3   1708
1882      4      2    140     12     1879      5   1879
1917     10      5    121     61     1911    125   1911
2242      3      2    150     34     2239      3   2239
2286     20     10    142     65     2275    160   2275
2380     14      7    167     55     2372      0   2372
2412     23     27    167     55     2384      7   2384
2529     16      8    214     20     2520     10   2520
2537      6      3    210     33     2533      0   2533
2539     15      8    244     21     2530      3   2530
Processes: 29
Avg WT = 1316,   Avg RT = 25.5862,   Avg TRT = 1316
Migration %:      RTF =93.1034% ,      MaxW = 10.3448%
Work Steal %: 0%
Forked Process %: 0%
Killed Process %: 0%
Temination Before DeadLine %: 0%
Processors: 8 [2 FCFS, 1 SJF, 4 RR, 1 EDF]
Processors Load
p1=0.0497851%,  p2=0.374699%,  p3=0.489991%,  p4=3.98019%,  p5=0.738916%,  p6=6.56902%,  p7=0%,  p8=0%
Processor Utiliz
p1=0.748621%,  p2=5.63436%,  p3=7.36801%,  p4=59.8503%,  p5=11.1111%,  p6=98.7786%,  p7=0%,  p8=0%,  
Avg utilization = 22.9364%