TT     PID     AT     CT   IO_D      WT     RT    TRT
11      4      5     81      0        5      0      5
21      5      7     27      0       13      0     13
62   2036      4     55      0       57      1     57
622036038      6     54      0       55      0     55
622036039      7     53      0       54      0     54
145   6040      8    106      0      136     29    136
1456040042     38    105      0      106      0    106
1456040043     39    104      0      105      0    105
4851745075748     41    103      0      443    122    443
1451745075749     42    102      0      102      0    102
189     23     35     20      0      153     10    153
197      3      5    134      0      191     56    191
197   3046     62    133      0      134      0    134
197   3047     63    132      0      133      0    133
251   6041      9    105      0      241    135    241
2516041048    145    104      0      105      0    105
2516041049    146    103      0      104      0    104
252   2037      5     54      0      246    191    246
2522037050    197     53      0       54      0     54
2522037051    198     52      0       53      0     53
307     25     37     35      0      269     23    269
311     35     60     20      0      250     34    250
334  26052    251     65      0       82     16     82
33426052054    268     64      0       65      0     65
33426052055    269     63      0       64      0     64
378     12     19     80      4      358     29    358
383     14     21     34      0      361      3    361
399  26053    252     64      0      146     81    146
39926053056    334     63      0       64      0     64
39926053057    335     62      0       63      0     63
4851745075748     41    103      0      443    122    443
4851745075748     41    103      0      443    122    443
4851745075748     41    103      0      443    122    443
4851745075748     41    103      0      443    122    443
4851745075748     41    103      0      443    122    443
4851745075748     41    103      0      443    122    443
4851745075748     41    103      0      443    122    443
4851745075748     41    103      0      443    122    443
4851745075748     41    103      0      443    122    443
4851745075748     41    103      0      443    122    443
512      2      3     56     27      508      0    508
570     27     40     27      0      529     18    529
571     24     37     40      3      533     18    533
600     20     27    108      0      572      3    572
608     31     46     65     12      561     23    561
725     10     15    200      0      709     65    709
775      7     10     73      9      764      0    764
815     19     25     93     14      789      0    789
899     33     51     53      0      847     42    847
921     34     54     55      0      866     54    866
931     26     38     66     16      892    212    892
946     32     48     70      6      897     26    897
947      9     14    121     21      932      0    932
976     28     40     70      3      935     23    935
1017      1      3    200     37     1013      0   1013
1066      8     13     90     30     1052     31   1052
1132     13     19     92      5     1112      0   1112
Processes: 57
Avg WT = 388.649,   Avg RT = 43.2456,   Avg TRT = 388.649
Migration %:      RTF =22.807% ,      MaxW = 0%
Work Steal %: 19.2982%
Forked Process %: 38.5965%
Killed Process %: 31.5789%
Temination Before DeadLine %: 0%
Processors: 12 [3 FCFS, 3 SJF, 3 RR, 3 EDF]
Processors Load
p1=1.10327%,  p2=0.524507%,  p3=1.74082%,  p4=0.438596%,  p5=0.257732%,  p6=0.361729%,  p7=4.4357%,  p8=4.92404%,  p9=3.11087%,  p10=0.375294%,  p11=0%,  p12=0%
Processor Utiliz
p1=21.5738%,  p2=10.2564%,  p3=34.0407%,  p4=8.57648%,  p5=5.03979%,  p6=7.07339%,  p7=86.7374%,  p8=96.2865%,  p9=60.8311%,  p10=7.33864%,  p11=0%,  p12=0%,  
Avg utilization = 28.1462%