TT     PID     AT     CT   IO_D      WT     RT    TRT
11      4      5     81      0        5      0      5
21      5      7     27      0       13      0     13
31      7     10     73      0       20      0     20
57     14     21     34      0       35      0     35
141      3      5    134      0      135      0    135
161     35     60     20      0      100     79    100
217     10     15    200      0      201      0    201
395     23     35     20      0      359     11    359
514     41     90     12      1      423     55    423
707     27     40     27      0      666     20    666
848     47    120     23      2      727     85    727
852     42     95     25      0      756     65    756
879     19     25     93     14      853      0    853
894     25     37     35      0      856     18    856
958     36     65     30      0      892     36    892
1083     12     19     80      4     1063     69   1063
1212     33     51     53      0     1160     44   1160
1224     34     54     55      0     1169     46   1169
1231     24     37     40      3     1193     19   1193
1636      8     13     90     30     1622      3   1622
1653     52    145     39     21     1507     94   1507
1680     13     19     92      5     1660    156   1660
1683      2      3     56     27     1679      0   1679
1704     45    110     98      0     1593     80   1593
1710     11     17    134      4     1692     40   1692
1714     53    150     58     25     1563     99   1563
1734     48    125     48      0     1608     74   1608
1735     59    180    103      0     1554    117   1554
1760     22     34    127      0     1725     11   1725
1780     38     75     45     15     1704     50   1704
1865     37     70     50     10     1794     46   1794
2272     26     38     66     16     2233     23   2233
2329     28     40     70      3     2288     25   2288
2345     43    100     67      0     2244     61   2244
2364     32     48     70      6     2315     37   2315
2387      9     14    121     21     2372    156   2372
2422     54    155     67     23     2266    102   2266
2425     31     46     65     12     2378     34   2378
2596     56    165     68     40     2430    109   2430
2651     55    160     75      0     2490    104   2490
2661     15     21     88     22     2639      0   2639
2784     60    185     77      0     2598    122   2598
2854     17     24    150     15     2829     32   2829
3048     20     27    108      0     3020      9   3020
3053     39     80    100      0     2972     51   2972
3107      6      7    107     22     3099    133   3099
3108     46    115    100      0     2992     69   2992
3111     44    105     85     60     3005     64   3005
3132     40     85    110     20     3046     56   3046
3158     18     25    161     19     3132      0   3132
3173     29     43    101     21     3129     28   3129
3278     50    135    209      5     3142     92   3142
3295      1      3    200     37     3291      0   3291
3636     51    140    154      0     3495     89   3495
3685     49    130    149     70     3554     79   3554
3695     57    170    157     12     3524    107   3524
3750     30     45    169     13     3704     31   3704
3782     21     30    183     34     3751      0   3751
3795     58    175    185      0     3619    117   3619
3802     16     23    199     20     3778      3   3778
Processes: 60
Avg WT = 1927.7,   Avg RT = 50.8333,   Avg TRT = 1927.7
Migration %:      RTF =66.6667% ,      MaxW = 0%
Work Steal %: 1.66667%
Forked Process %: 0%
Killed Process %: 5%
Temination Before DeadLine %: 0%
Processors: 8 [2 FCFS, 2 SJF, 2 RR, 2 EDF]
Processors Load
p1=0.188549%,  p2=0.131465%,  p3=0.241308%,  p4=0.0752465%,  p5=3.22695%,  p6=1.51444%,  p7=0.0562186%,  p8=0.0717869%
Processor Utiliz
p1=5.73533%,  p2=3.99895%,  p3=7.34017%,  p4=2.28887%,  p5=98.1584%,  p6=46.0668%,  p7=1.71008%,  p8=2.18364%,  
Avg utilization = 20.9353%