TT     PID     AT     CT   IO_D      WT     RT    TRT
11      4      5     81      0        5      0      5
21      5      7     27      0       13      0     13
31      7     10     73      0       20      0     20
141      3      5    134      0      135      0    135
217     10     15    200      0      201      0    201
270     23     35     20      0      234      6    234
358     13     19     92      5      338      2    338
382     35     60     20      0      321     23    321
638     58    135     20      0      502     54    502
678     70    160     20      0      517     66    517
818     40    106     27      0      711     29    711
862     27     40     27      0      821     15    821
943     62    140     27      0      802     45    802
1060     14     21     34      0     1038     64   1038
1353     12     19     80      4     1333     38   1333
1383     25     37     35      0     1345     10   1345
1576     49    121     34      0     1454     42   1454
1680     60    137     35      0     1542     58   1542
1712     24     37     40      3     1674      8   1674
1732     33     51     53      0     1680     18   1680
1786     34     54     55      0     1731     21   1731
1814     68    151     53      0     1662     52   1662
1854     69    154     55      0     1699     55   1699
2205     59    137     40      3     2067     56   2067
2336      2      3     56     27     2332      0   2332
2400     20     27    108      0     2372      0   2372
2440     55    127    108      0     2312     40   2312
2496     22     34    127      0     2461      5   2461
2765     48    119     92      5     2645     34   2645
2995      8     13     90     30     2981      3   2981
3346     28     40     70      3     3305     11   3305
3406     32     48     70      6     3357     17   3357
3469     63    140     70      3     3328     47   3328
3485     31     46     65     12     3438     15   3438
3543     37     95     56     27     3447     26   3447
3625     66    146     65     12     3478     51   3478
3790     61    138     66     16     3651     43   3651
3812     26     38     66     16     3773     13   3773
4195      9     14    121     21     4180    126   4180
4502     67    148     70      6     4353     64   4353
4556     42    110     73      9     4445     33   4445
4694     29     43    101     21     4650     12   4650
4739     64    143    101     21     4595     48   4595
4861     39    105     81      5     4755     30   4755
4961     15     21     88     22     4939      0   4939
4982     47    119     80      4     4862     40   4862
5042     53    125    161     19     4916     38   4916
5243     19     25     93     14     5217     12   5217
5269     50    121     88     22     5147     44   5147
5389     43    113     90     30     5275     36   5275
5433     54    125     93     14     5307     48   5307
5750     41    108    107     22     5641     31   5641
5961      6      7    107     22     5953     50   5953
6442     44    114    121     21     6327     39   6327
6494     46    117    134      4     6376     32   6376
6530     52    124    150     15     6405     37   6405
6560     57    134    127      0     6425     53   6425
6683     11     17    134      4     6665     54   6665
6729     38    100    134      0     6628     29   6628
7017      1      3    200     37     7013      0   7013
7035     17     24    150     15     7010      3   7010
7184     18     25    161     19     7158      4   7158
7348     21     30    183     34     7317      3   7317
7372     30     45    169     13     7326     18   7326
7416     65    145    169     13     7270     61   7270
7572     56    130    183     34     7441     51   7441
7632     16     23    199     20     7608      0   7608
7652     45    115    200      0     7536     40   7536
7660     51    123    199     20     7536     46   7536
7668     36     90    200     37     7577     25   7577
Processes: 70
Avg WT = 3693.97,   Avg RT = 29.6286,   Avg TRT = 3693.97
Migration %:      RTF =132.857% ,      MaxW = 0%
Work Steal %: 31.4286%
Forked Process %: 0%
Killed Process %: 4.28571%
Temination Before DeadLine %: 0%
Processors: 8 [2 FCFS, 2 SJF, 2 RR, 2 EDF]
Processors Load
p1=0.0731113%,  p2=0.0394569%,  p3=0.413137%,  p4=0.0448725%,  p5=2.926%,  p6=0.943871%,  p7=0%,  p8=0%
Processor Utiliz
p1=2.46511%,  p2=1.33038%,  p3=13.9298%,  p4=1.51298%,  p5=98.6566%,  p6=31.8247%,  p7=0%,  p8=0%,  
Avg utilization = 18.7149%