TT     PID     AT     CT   IO_D      WT     RT    TRT
41      1      1    200     20       39      0     39
159      3     15    134      0      143      8    143
247      5     25     27      0      221    193    221
247     10     45    200      0      201      0    201
271     23     87     20      0      183     12    183
283      2     10     56     27      272      0    272
334     14     63     34      0      270      0    270
412     12     50     80      4      361      0    361
423     13     54     92      5      368     47    368
564     25    100     35      0      463     17    463
689     24     95     40      3      593     13    593
726     19     74     93     14      651      7    651
792     22     83    127      0      708     10    708
827      7     39     73      9      787    119    787
1053     15     65     88     22      987      1    987
1083      4     20     81      5     1062    172   1062
1146      6     30    107     22     1115    216   1115
1173      8     41     90     30     1131    235   1131
1481     20     77    108      0     1403      7   1403
1604     11     48    134      4     1555    198   1555
1780      9     43    121     21     1736    304   1736
1786     16     68    199     20     1717      4   1717
1797     17     69    150     15     1727      0   1727
1831     18     71    161     19     1759      4   1759
1876     21     80    183     34     1795     10   1795
Processes: 25
Avg WT = 849.88,   Avg RT = 63.08,   Avg TRT = 849.88
Migration %:      RTF =88% ,      MaxW = 4%
Work Steal %: 28%
Forked Process %: 0%
Killed Process %: 4%
Temination Before DeadLine %: 0%
Processors: 8 [2 FCFS, 2 SJF, 3 RR, 1 EDF]
Processors Load
p1=1.41814%,  p2=0.103651%,  p3=1.49352%,  p4=0.603062%,  p5=3.35925%,  p6=8.40989%,  p7=0%,  p8=0%
Processor Utiliz
p1=16.0533%,  p2=1.17333%,  p3=16.9067%,  p4=6.82667%,  p5=38.0267%,  p6=95.2%,  p7=0%,  p8=0%,  
Avg utilization = 21.7733%