20 1 0 20 0 0 0 TRT:20
47 24 12 35 0 0 0 TRT:35
52 5 2 50 0 0 0 TRT:50
55 2 1 35 0 19 19 TRT:54
70 28 20 23 0 27 27 TRT:50
72 9 4 60 0 8 8 TRT:68
112 27 20 47 0 45 45 TRT:92
130 15 5 50 0 75 75 TRT:125
131 17 5 56 0 70 70 TRT:126
144 20 7 13 0 124 124 TRT:137
173 30 25 56 0 92 47 TRT:148
180 10 4 50 0 126 126 TRT:176
225 8 3 134 0 88 49 TRT:222
236 7 3 56 0 177 177 TRT:233
292 12 5 56 0 231 231 TRT:287
309 13 5 134 0 170 170 TRT:304
332 4 2 60 0 270 0 TRT:330
351 29 21 34 0 296 296 TRT:330
360 26 16 59 0 285 276 TRT:344
401 19 7 60 0 334 325 TRT:394
402 14 5 60 0 337 337 TRT:397
752 18 6 134 0 612 612 TRT:746
830 11 5 200 0 625 397 TRT:825
842 21 8 12 0 822 822 TRT:834
897 23 12 55 0 830 830 TRT:885
911 22 10 44 0 857 60 TRT:901
949 6 3 200 0 746 141 TRT:946
959 25 13 10 0 936 936 TRT:946
1189 16 5 200 0 984 50 TRT:1184
1261 3 2 134 0 1125 0 TRT:1259
343 208 414
0