TT    PID     AT     CT   IO_D     WT     RT    TRT
23      1      1     20      0      1      0     21
23     31      1     20      0     21      0     21
23     33      2     19      0     11      0     20
23     39     13     19      0      9      0      9
23     41     14     18      0      8      0      8
38      2      1     35      0      1      0     36
38     32      1     35      0     36      0     36
38     34      2     34      0     11      0     35
38     40     13     34      0     24      0     24
38     42     14     33      0     23      0     23
54      5      2     50      0      1      0     51
61      7      3     56      0      1      0     57
63     12      5     56      0      1      0     57
65     21      8     12      0     44      2     56
67     20      7     13      0     46      3     59
67     10      4     50      0     12     11     62
76     25     13     10      0     52      7     62
84     36      2     60      0     21     20     81
84     43     22     60      0     60      0     61
84     45     23     59      0     60      0     60
91     28     20     23      0     47     46     70
98     38      3     59      0     35     34     94
98     47     37     59      0     59      0     60
98     49     38     58      0     45      0     59
98     51     83     58      0     14      0     14
98     52     84     57      0     12      0     13
135     19      7     60      0     67     66    127
152      9      4     60      0     87     86    147
152     18      6    134      0     11     10    145
158     35      2    134      0     21     20    155
158     44     22    134      0    135      0    135
158     46     23    133      0     74      0    134
158     53     97    133      0     60      0     60
158     54     98    132      0     59      0     59
162     15      5     50      0    106      0    156
170     24     12     35      0    122      3    157
172     37      3    133      0     35     34    168
172     48     37    133      0    134      0    134
172     50     38    132      0    133      0    133
191     23     12     55      0    123      3    178
200     27     20     47      0    132    131    179
222     17      5     56      0    160      0    216
244     29     21     34      0    188      9    222
252     14      5     60      0    186      0    246
277     22     10     44      0    222      5    266
284     30     25     56      0    202     37    258
321     26     16     59      0    245      9    304
351     16      5    100      0    245      0    345
378      6      3    200      0    174     50    374
419      8      3    134      0    281      0    415
425      4      2     60      0    362      0    422
461      3      2    134      0    324      0    458
490     13      5    134      0    350      0    484
552     11      5    200      0    346      0    546
Processes: 54
Avg WT = 97,   Avg RT = 10,   Avg TRT = 143
Migration %:      RTF =0.351852% ,      MaxW = 0%
Work Steal %: 0%
Forked Process %: 0.444444%
Killed Process %: 0.37037%
OverHeated Process %: 0%
Processors: 14 [4 FCFS, 5 SJF, 5 RR]
Processors Load
p1=1.2173%,  p2=1.9943%,  p3=1.9684%,  p4=2.1497%,  p5=3.0562%,  p6=1.9425%,  p7=1.46335%,  p8=2.62885%,  p9=1.6317%,  p10=4.93395%,  p11=5.37426%,  p12=1.56695%,  p13=3.5224%,  p14=4.18285%
Processor Utiliz
p1=17.0599%,  p2=27.9492%,  p3=27.5862%,  p4=30.127%,  p5=42.8312%,  p6=27.2232%,  p7=20.5082%,  p8=36.8421%,  p9=22.8675%,  p10=69.147%,  p11=75.3176%,  p12=21.9601%,  p13=49.3648%,  p14=58.6207%,  
Avg utilization = 37.6718%